sdm/inst/external/elevation.asc
NCOLS 124 
NROWS 71 
XLLCORNER 100975.31133281 
YLLCORNER 3988829.71758 
CELLSIZE 4219.2230169468 
NODATA_value -9999 
[rows 0 to 31 of 71, columns 0 to 71 of 124]
-9999.000000000000000 -9999 -9999 -9999 -9999 -9999 -9999 -9999 -9999 -9999 -9999 -9999 -9999 -9999 -9999 -9999 -9999 -9999 -9999 -9999 -9999 -9999 -9999 -9999 -9999 -9999 -9999 -9999 -9999 -9999 -9999 -9999 -9999 -9999 -9999 -9999 -9999 -9999 -9999 -9999 -9999 -9999 -9999 -9999 -9999 -9999 -9999 -9999 -9999 500.375 459.9 418.894736842105 404.44 475.571428571429 -9999 -9999 -9999 -9999 -9999 -9999 -9999 -9999 -9999 -9999 -9999 -9999 -9999 -9999 -9999 -9999 -9999 -9999
-9999 -9999 -9999 -9999 -9999 -9999 -9999 -9999 -9999 -9999 -9999 -9999 -9999 -9999 -9999 -9999 -9999 -9999 -9999 -9999 -9999 -9999 -9999 -9999 -9999 -9999 -9999 -9999 -9999 -9999 -9999 -9999 -9999 -9999 -9999 -9999 -9999 -9999 -9999 -9999 -9999 -9999 -9999 -9999 -9999 -9999 -9999 -9999 393.5 395.117647058824 400.6 415.4 461.16 534.76 496.857142857143 421.227272727273 -9999 -9999 -9999 -9999 -9999 -9999 -9999 -9999 -9999 -9999 -9999 -9999 -9999 -9999 -9999 -9999
-9999 -9999 -9999 -9999 -9999 -9999 -9999 -9999 -9999 -9999 -9999 -9999 -9999 -9999 -9999 -9999 -9999 -9999 -9999 -9999 -9999 -9999 -9999 -9999 -9999 -9999 -9999 -9999 -9999 -9999 -9999 -9999 -9999 -9999 -9999 -9999 -9999 -9999 -9999 -9999 -9999 -9999 -9999 -9999 -9999 -9999 -9999 426.6 429.545454545455 450.04 448.32 416.68 445.6 529.28 598.12 485.32 410.5 -9999 -9999 -9999 -9999 -9999 -9999 -9999 -9999 -9999 -9999 -9999 -9999 -9999 -9999 -9999
-9999 -9999 -9999 -9999 -9999 -9999 -9999 -9999 -9999 -9999 -9999 -9999 -9999 -9999 -9999 -9999 -9999 -9999 -9999 -9999 -9999 -9999 -9999 -9999 -9999 -9999 -9999 -9999 -9999 -9999 -9999 -9999 -9999 -9999 -9999 -9999 -9999 -9999 -9999 -9999 -9999 -9999 -9999 -9999 -9999 459 444.888888888889 450.291666666667 483.8 473.04 482.36 427.48 447.08 482.36 540.36 511.08 439 442.7 485.5 -9999 -9999 -9999 -9999 -9999 -9999 -9999 -9999 -9999 -9999 -9999 -9999 -9999
-9999 -9999 -9999 -9999 -9999 -9999 -9999 -9999 -9999 -9999 -9999 -9999 -9999 -9999 -9999 -9999 -9999 -9999 -9999 -9999 -9999 -9999 -9999 -9999 -9999 -9999 -9999 -9999 -9999 -9999 -9999 -9999 -9999 -9999 -9999 -9999 -9999 -9999 -9999 -9999 -9999 -9999 -9999 -9999 464.5 459.4 462.24 505.56 506.6 495.56 517.84 511.48 498.96 506.32 496.32 460.64 464.36 465.44 475.76 485.153846153846 495.5 -9999 -9999 -9999 -9999 -9999 -9999 -9999 -9999 -9999 -9999 -9999
-9999 -9999 -9999 -9999 -9999 -9999 -9999 -9999 -9999 -9999 -9999 -9999 -9999 -9999 -9999 -9999 -9999 -9999 -9999 -9999 -9999 -9999 -9999 -9999 -9999 -9999 -9999 -9999 -9999 -9999 -9999 -9999 -9999 -9999 -9999 -9999 -9999 -9999 -9999 -9999 -9999 -9999 -9999 490 497.666666666667 489.16 489.96 506.8 521.68 534.72 536.6 534.68 511.04 498.04 529.76 534.2 515.84 519.8 493.04 508.36 508.863636363636 -9999 -9999 -9999 -9999 -9999 -9999 -9999 -9999 -9999 -9999 -9999
-9999 -9999 -9999 -9999 -9999 -9999 -9999 -9999 -9999 -9999 -9999 -9999 -9999 -9999 -9999 -9999 -9999 -9999 -9999 -9999 -9999 -9999 -9999 -9999 -9999 -9999 -9999 -9999 -9999 -9999 -9999 -9999 -9999 -9999 -9999 -9999 -9999 -9999 -9999 -9999 -9999 554 510.25 534.05 550.28 588.72 533.84 502.16 544.2 555.68 558.2 547.6 522.32 539.64 562.44 567.8 590.04 581.16 546.64 557.4 544.44 535.1 552.25 -9999 -9999 -9999 -9999 -9999 -9999 -9999 -9999 -9999
-9999 -9999 -9999 -9999 -9999 -9999 -9999 -9999 -9999 -9999 -9999 -9999 -9999 -9999 -9999 -9999 -9999 -9999 -9999 -9999 -9999 -9999 -9999 -9999 -9999 -9999 -9999 -9999 -9999 -9999 -9999 -9999 -9999 -9999 -9999 -9999 -9999 -9999 -9999 -9999 -9999 535.846153846154 552.16 607.84 570.08 581.28 575.56 551.28 551.68 577.32 586.64 545.88 524.68 565.92 581.48 590.24 610.92 605.72 574.64 603.48 578.48 594.04 596.16 585.285714285714 612 -9999 -9999 -9999 -9999 -9999 -9999 -9999
-9999 -9999 -9999 -9999 -9999 -9999 -9999 -9999 -9999 -9999 -9999 -9999 -9999 -9999 -9999 -9999 -9999 -9999 -9999 -9999 -9999 -9999 -9999 -9999 -9999 -9999 -9999 -9999 -9999 -9999 -9999 -9999 -9999 -9999 -9999 -9999 -9999 -9999 -9999 -9999 -9999 573.333333333333 581.12 568.2 604.64 583.48 584.36 584.6 604.28 602.92 600.48 570.08 567.72 583.04 595.28 620.48 641.52 623.2 643.08 621.04 606.96 659.44 653.36 618.08 607.142857142857 632 -9999 -9999 802 1055 -9999 -9999
-9999 -9999 -9999 -9999 -9999 -9999 -9999 -9999 -9999 -9999 -9999 -9999 -9999 -9999 -9999 -9999 -9999 -9999 -9999 -9999 -9999 -9999 -9999 -9999 -9999 -9999 -9999 -9999 -9999 -9999 -9999 -9999 -9999 -9999 -9999 -9999 -9999 -9999 -9999 -9999 -9999 561.571428571429 600.12 610.24 589.72 562.4 574.8 617.76 658.36 659.52 634.84 607.32 620.2 622 633.72 635.48 658.8 656.08 646.6 635.52 641.64 690.6 690.64 650.16 633.92 648.181818181818 649.727272727273 595 650.842105263158 801.84 752.8 736.166666666667
-9999 -9999 -9999 -9999 -9999 -9999 -9999 -9999 -9999 -9999 -9999 -9999 -9999 -9999 -9999 -9999 -9999 -9999 -9999 -9999 -9999 -9999 -9999 -9999 -9999 -9999 -9999 -9999 -9999 -9999 -9999 -9999 -9999 -9999 -9999 -9999 -9999 -9999 -9999 -9999 -9999 570.416666666667 607.36 618.08 567.96 550.24 541.28 590.52 627.32 598.04 658.92 678.44 638.72 601.28 612 629.04 700.88 686.16 667.96 676.16 701.04 723.24 706.16 667.6 674.52 692.8 664.96 636.434782608696 571 559.76 604.16 661.28
-9999 -9999 -9999 -9999 -9999 -9999 -9999 -9999 -9999 -9999 -9999 -9999 -9999 -9999 -9999 -9999 -9999 -9999 -9999 -9999 -9999 -9999 -9999 -9999 -9999 -9999 -9999 -9999 -9999 -9999 -9999 -9999 -9999 -9999 -9999 -9999 -9999 -9999 -9999 -9999 -9999 592.5 609.16 589.44 549.84 524.32 520.04 521.28 546.48 553.48 668.32 774.48 770.04 655.96 575.92 588.52 673.24 688.64 659.72 667 690.8 673.68 716.4 732.44 755.72 751.72 746.36 768.68 692.16 548.12 643.24 706.72
-9999 -9999 -9999 -9999 -9999 -9999 -9999 -9999 -9999 -9999 -9999 -9999 287 358.4 413 -9999 -9999 -9999 -9999 -9999 -9999 -9999 -9999 -9999 -9999 -9999 -9999 -9999 -9999 -9999 -9999 -9999 -9999 -9999 -9999 -9999 -9999 -9999 -9999 -9999 -9999 -9999 639.647058823529 622.08 576.52 564.4 636.2 589.24 510.4 496 556.28 670.88 711.44 719.56 646.72 538 542.6 637.96 662.52 653.92 698.68 634.16 648.36 736.76 739.64 751.12 718.84 748.84 679.08 539.04 720.36 692
-9999 -9999 -9999 -9999 -9999 -9999 -9999 -9999 -9999 -9999 -9999 -9999 261.416666666667 371.32 461.086956521739 514.375 -9999 -9999 -9999 -9999 -9999 -9999 -9999 -9999 -9999 -9999 -9999 -9999 -9999 -9999 -9999 -9999 -9999 -9999 -9999 -9999 515 486.428571428571 447.75 -9999 -9999 432 572.263157894737 635.36 643.2 681.4 697.56 630.36 568.72 578.04 507.44 520.92 619.52 642.8 730.16 663.2 524.12 513.48 574.84 658.08 705.8 701.6 603.12 708.52 694.64 641.04 697.36 745.52 691.4 459.48 585.88 620.96
-9999 -9999 -9999 -9999 -9999 -9999 -9999 -9999 -9999 -9999 -9999 -9999 293.222222222222 305.36 387.96 421 -9999 -9999 -9999 -9999 -9999 -9999 -9999 -9999 -9999 -9999 -9999 -9999 -9999 -9999 -9999 -9999 -9999 -9999 619.666666666667 570.772727272727 537.6 525.64 487.75 -9999 -9999 400.444444444444 440.44 481.44 539.4 692.2 611.64 667.04 703.96 726.88 674.4 558.44 534.84 631 597.72 572.72 607.96 515.52 499.36 598.16 596.68 606.12 589.48 557.64 540.72 522.16 609.4 680.52 689.28 572.04 471.36 543.24
-9999 -9999 -9999 -9999 -9999 -9999 -9999 -9999 -9999 -9999 -9999 379.25 390.44 365.76 331.72 408.52 456.764705882353 491.133333333333 517.230769230769 523.75 -9999 -9999 -9999 -9999 -9999 -9999 -9999 -9999 -9999 -9999 -9999 -9999 -9999 532.5 681 708.36 609.36 579.210526315789 540 497.916666666667 468.142857142857 538.44 389.28 449.16 414.8 571.16 521.76 561.04 673.84 671.2 689.84 629.72 559.4 466.08 544.28 566.32 544.84 554.04 430.24 614.16 597.24 553.56 523.4 469.2 359.04 426.4 462.8 503.8 539.44 514.28 383.6 368.8
-9999 -9999 -9999 -9999 -9999 -9999 -9999 -9999 304 378.5 -9999 450.1 463.84 404.68 373.4 339.92 493.04 554.24 595.8 612.454545454545 -9999 -9999 746 828.5 933 -9999 -9999 -9999 -9999 -9999 -9999 -9999 -9999 448.5 472.44 582.96 709.2 674.086956521739 593.333333333333 558.125 497.32 417.32 363.32 508.6 365.88 465.4 526.52 462.72 557.68 535 621.24 741.28 617.48 541.36 477.64 577.2 472.32 462.04 379.4 364.4 456.16 485.52 511.4 395.48 292.68 325.6 330.92 363.68 359.92 330.64 510.36 466.12
-9999 -9999 -9999 -9999 -9999 -9999 293.25 305.222222222222 330.4 397.4 410.4 464.304347826087 509.08 531.8 507.84 377.48 406.2 516.6 624.64 694.48 599.785714285714 537.7 657.153846153846 683.92 772.8 -9999 -9999 -9999 -9999 -9999 -9999 -9999 -9999 393.333333333333 461.32 452.76 584.2 669.4 706.48 626.36 552.24 458 415.88 342.96 318.72 339.96 438.24 456.12 424.64 476.2 590.88 694.56 676.52 663.16 537.76 494.92 575.84 510.2 445.72 266.84 374.16 410.48 408.12 335.4 261.32 281.12 294.92 305.72 267.68 271.48 264.76 252.88
-9999 -9999 -9999 -9999 -9999 -9999 213.652173913043 214.52 244.4 266.08 272.04 299.36 319.68 463.56 602.32 551.4 433.04 477.36 554.24 551.52 511.52 465.76 460.2 557.24 568.416666666667 599.5 -9999 -9999 -9999 662 546 600 405.888888888889 411.588235294118 560.64 573.92 504.12 585.92 665.92 607.96 637.88 620.36 572.56 448.36 355.64 314.52 359.56 352.08 431.8 527.04 586.36 541.2 520.28 524.44 563.64 517.32 577.56 498.92 395.2 297.16 387.52 311.88 267.76 226 196.72 211.56 245.8 255.4 216.8 214 219.56 217.92
-9999 -9999 -9999 -9999 -9999 185 181 215.44 270.16 297.92 336.08 387.2 415.24 444.68 589.68 496.88 517.44 623.76 612.04 506.36 431.88 404.24 435 505.96 526.28 617.36 544.72 477.533333333333 457.666666666667 547.272727272727 670.12 653.56 510.88 387.32 492.44 574.36 627.08 564.56 535.28 623.52 661.84 656.08 591.4 559.56 516.72 395.88 270.08 302.12 328.12 414.72 472.96 474.28 475.8 431.04 462.68 461.68 495.36 498.92 358.4 249.72 179.8 241.32 248.32 178.04 155.76 226.16 195.44 171.76 199.32 245 266.36 265.48
-9999 -9999 -9999 -9999 -9999 192.692307692308 211.96 280.68 333.08 353.04 357.24 360.12 449.2 503.28 617.36 605.68 593.16 706.12 712.84 705.44 615.76 486.52 365.88 383.72 472.36 557.64 594.24 494.68 455 484.92 545.04 576.2 453.84 349.84 476.28 573.04 561 555.4 481.32 638.08 733.6 640.64 513.32 438.08 450.12 468.4 444.96 332.52 347.76 433.64 487.64 495.72 341.76 352.12 420.4 393.92 523.24 321.84 289.68 237.88 180.56 148.12 153.56 143.04 160.76 226 267.56 257 226.48 288.4 333.24 344.32
-9999 -9999 -9999 -9999 174 201.714285714286 253.4 317.88 374.48 504.88 468.8 450.28 460.6 570.84 476.16 534.4 580.44 649.84 601.52 567.44 589.8 609.92 511.88 364.68 349.68 383.68 434.84 473.84 445.92 455.96 483.24 425.4 367.72 367.12 434.32 482.6 468.48 469.96 579.12 614.28 654.28 566.56 531.36 403.64 358.08 380.56 387.8 375.84 250.2 319.52 368.52 356.8 326.96 372.16 399.72 418.32 331.44 177.24 135.28 127 142.16 148.8 182.08 169.04 191.2 272.8 298.44 297.24 278.8 255.8 366.6 368.4
-9999 -9999 -9999 152.5 192.176470588235 217.36 268.16 370.68 422.24 416.44 345.48 365.76 412.6 432.48 347.08 441 375.96 396.44 386.96 500.08 495.92 515.28 596.88 523.24 422.64 303.4 363.16 457.76 413.84 414.56 429.52 385.72 265.12 257.84 410.72 428.12 427.84 385.04 463.68 511.96 538.28 477.76 479.4 407.32 255.28 224.48 302.52 292.64 215.48 235.6 236.6 226.8 199.24 269.52 169.8 145.04 115.44 108.84 113.56 156.96 203.72 207.88 206.36 215 271.24 317.36 301.48 338.32 314.92 300.48 386.72 387.92
-9999 -9999 141.25 176.227272727273 189.08 206.28 248.24 268.04 262 267.4 270.4 288.28 314.28 340.48 272.88 325.96 352.44 386.88 325.92 382.64 406.52 465.6 507.84 410.32 351.6 311 324.32 446.64 438.12 401.32 397.52 378.88 235.16 121.84 331.12 382.32 362.92 332.04 338.08 383.64 394.32 374.52 382.72 359.88 313.56 269.12 237.12 195.92 179.12 201.52 161.56 143.04 158.08 108.16 88.64 95.12 107.28 154.84 199.04 232.84 252.52 237.08 257.32 271.72 249.6 299.44 326.76 338.48 291.76 291.04 324.8 350.68
-9999 -9999 156.260869565217 180.28 159.64 194.92 198.8 213.28 219.92 245.6 251.96 228.68 268 293.04 227.32 229.24 272.8 288.32 333.8 463.48 513.32 468.08 474 440.88 422.24 387.6 265.92 356.92 395.88 377.84 466.76 422.96 352.88 180.28 147.88 350.8 316 338.08 295.92 322.56 345.12 293.08 247.32 205.6 232.2 231.8 204.24 98.84 83.36 84.56 85.52 81.8 89.12 110.48 151.8 186.76 159.56 133.64 160.08 212.92 276.08 275.28 265.6 268.04 280.92 325.48 324.84 314 302.44 304.88 342.08 356
-9999 108.4 174.76 154.48 143.76 157.92 167.16 186.24 213.04 227.04 160.04 168.28 208.72 227.88 208.24 194.6 287.96 313.64 288.92 391.84 454.76 377 422.04 469.28 386.56 323.68 297.92 275.48 341.72 298 323.84 364.56 337.76 248 90.64 201.24 236.6 262.08 275.04 328.48 352.16 284.24 226.28 220.72 228.04 192.16 121.48 93.6 65.52 90.6 111.28 134.28 124.48 149.16 177.08 232.12 249.96 208.92 211.72 173.84 231.88 237.64 228.44 219.04 278.6 431.2 366.24 294.76 301.24 357.6 364.36 394.08
-9999 125.545454545455 131.88 118.76 152.28 172.56 182.44 198.2 220.96 196.4 135.4 145.68 172.12 242 161.88 199.4 267.6 334.12 388.6 371.12 319 287.4 413.8 391.48 387.92 345.8 303.64 259.72 259.2 294.32 275.08 285.2 309.76 280.68 117.4 91.04 159.28 153.84 174.24 244.56 243.32 191.2 102.64 84.52 78.68 73.48 68.52 63 109.12 124.72 144.04 159.2 155.36 157.68 195.92 232.56 264.28 280.64 261.08 187.6 177.04 196.48 216.56 261 277.16 340.92 355.84 339.64 313.72 373.12 403.6 417.84
85.3333333333333 87.2 94.44 118.24 150.04 176.12 201.48 219.96 226.76 170.36 118.64 113.48 203.8 256.88 177.92 220.84 277.28 315.36 336.52 305.56 264.12 297.8 373.88 381.68 302.8 368.36 291.32 257.8 255.88 188.8 201.76 254.84 321.84 295.44 239.28 73.04 86.64 77.68 140.16 185.48 141.56 71.84 44.08 44.6 43.72 58.2 77.08 91.96 101.36 147.76 166.32 179.36 182.92 178.12 195.48 228.12 270.48 294.28 247.72 201.4 194.16 237.24 301.08 263.4 262.72 319.88 325.68 298.68 326.84 407.68 480.72 485.76
123.866666666667 144.8 163.6 179.32 163.8 209 227.76 223.2 241.88 197.44 153.4 116.32 207.24 161.12 146.76 237.56 291.64 306.2 329.04 290.56 231.96 287.56 367.88 333.16 298.12 248.48 225.04 218.8 261.28 244.16 157.16 182.56 200.4 139.28 114.48 57.6 47.92 31 48.56 68.2 49.88 36.28 50.32 75.28 89.68 99.84 122.84 132.48 109.16 97.72 146.6 180.44 190.36 201.16 229.6 272.92 270.52 230.76 313.96 274.8 206.08 251.68 327.12 393.4 351.16 284.32 348.44 427.12 383.08 404.84 456.56 509
128.947368421053 197.24 200.84 219.04 207.96 219.72 198.72 173.64 168.8 154.44 134.2 106.92 160.76 100.56 150.08 251 259.28 218.72 278.72 225.2 232.72 332.48 372.44 292.32 249.28 219.48 193.08 180.4 177.52 154.24 96.6 99.76 75.92 40.92 19.4 18.2 23.48 30.4 28.84 34.44 51.56 74.56 98.24 97.52 119.24 126.16 113.8 141.32 152.76 135.6 104.52 154.12 198.68 225 222.08 217.76 204.72 210.52 309.52 311.24 262.2 281.64 336.48 442.08 420.12 434.32 450 483.76 470.56 407.08 445.08 512.68
73.6666666666667 96.52 122.72 178.92 227.76 246.96 207.88 161.8 127.56 119.08 112.52 106.32 105.36 147 195.4 226.32 234.84 241.4 233.4 190.8 256.36 294.48 289.28 290 216.4 142.84 144.24 115.04 118.48 84.8 42.6 40 32.08 13.28 18.08 28.56 41.92 57.8 71.4 71.84 75.12 105.2 121.32 126.04 145.48 159.96 128.96 158.92 174.04 180.52 149.28 142.24 190 209.48 166.48 173.56 195.6 185.6 223.08 298.52 328.92 432.68 544.28 586.08 508.92 488.24 579.84 492.4 504.68 437.16 428.84 571.28
-9999 76.2608695652174 128.12 171.08 183.72 168.44 167.76 158.08 105.56 86.4 89.52 73.6 124.28 172.8 185.32 169.88 193.44 197.16 185.04 155.56 170.92 203.2 183.84 163.96 128.16 99.56 82.16 64.56 54.36 32.6 22.2 15.36 10.24 15.84 28.8 43.16 67.36 84.96 97.76 117.36 69.72 120.28 148.76 150.4 159.32 164.52 136.8 160.68 177.2 186.88 164.96 134.44 135.6 145.4 150.16 172.32 219.52 260.08 266.92 290.96 296.8 383 504.12 538.04 550.4 682.76 782.64 844.16 707.96 563.32 478.96 481.48
