sdm/inst/external/elevation.asc
NCOLS 124 
NROWS 71 
XLLCORNER 100975.31133281 
YLLCORNER 3988829.71758 
CELLSIZE 4219.2230169468 
NODATA_value -9999 
[rows 32 to 63 of 71, columns 0 to 71 of 124]
-9999 89.1764705882353 147.88 169.16 138.12 115.88 124.8 153.36 133 98.96 99.12 61.12 114.64 125.4 122.24 124.04 128.76 132.88 132.44 100.52 115.44 135.24 126.84 87.12 69.72 63.56 63.56 50.84 73.76 42.8 19.56 6.28 9.96 22.92 31.24 52.6 74.36 100.12 145.48 140.16 61.12 106.2 145.28 148.84 169 165.08 142.8 171.92 207.12 208.52 143.2 128.52 140.48 156.28 148.4 173.44 206.04 238.2 269.68 336.52 361.16 322.24 383.64 416.6 518.36 923.32 1093.2 995.88 853.32 529.84 598.28 543.44
-9999 81.6363636363636 100.68 136.44 99.28 100.24 145.6 121.28 136.6 113.32 65.04 50.32 68.32 71.12 88.08 90.6 84.64 80.12 59.12 65.04 77.44 113.72 148.92 114.72 65.12 46.64 51.44 74.44 132.4 93.8 57.4 6.16 13.32 21.6 33.56 57.08 92.56 139.56 151.24 82.48 62.96 70.96 85.76 101.6 134.2 142.04 136 151.24 236.96 244.68 178.08 151.44 146.04 177.52 170.48 176.12 217.08 250.24 319.92 359.56 356.44 361.72 374.2 425.64 503.92 785 855.88 679.12 554.88 601.08 786.6 621.8
-9999 72.3 113.08 122.88 106.24 79.2 103.88 85.32 124.96 76.12 34.32 24.72 35.16 55.72 53.12 40.72 54.36 44.16 72.48 112.8 129.32 148.12 148.88 105.68 95.76 63.96 34.96 131.2 141.36 107.92 94.08 9.8 15.92 23.76 38.32 76.16 123.56 151 86.68 68.48 80.68 81.12 79.52 87.68 103.28 140.28 142.2 142.28 163.08 168.48 159.64 159.04 170.36 192.96 192 174.84 194.36 238.52 299.12 308.24 341.92 380.48 438.56 508.52 570.96 725.44 720.68 718.44 738.56 691.84 726.92 798.44
-9999 66.7 78.68 98.04 81.52 57.4 46.16 47.72 73.68 49.36 23.56 9.52173913043478 22.68 23 18.92 16.84 26.24 86.08 123.6 121.88 126.36 141.56 125.96 117.84 92.04 81.84 48.52 114.16 105.6 82.28 68.28 8.08 14.24 24.04 44.92 99.68 113.12 75.08 62.96 60.56 73.08 89.28 100.04 96.84 102.76 101.48 128.84 139.56 145.6 147.76 174 199.8 182 221.72 231.76 231.76 252.24 212.64 307.04 260.68 311.4 345.44 453.56 599.12 621.4 596.24 645.04 946.2 1029.6 772.08 994.28 930.44
-9999 24.3333333333333 51.64 49.2 56.08 45.72 21.64 19.64 48.16 35.92 14.28 15.3333333333333 15.08 10.7 32.48 53.08 93.72 116.92 99.28 101.52 90.6 113.76 107.8 92.32 83.96 53.04 52.6 70.52 61.32 45.28 28.08 6.8 33.68 63.68 55.64 57.64 48.88 48.92 52.2 59.76 67.76 84.4 103.28 107.72 112.44 112.76 133.88 145.4 150.92 152.24 167.32 206.28 219.24 236.68 292.72 308.16 291.16 258.56 264.44 258.92 326 344.96 413.56 480.84 477.64 517.96 862.64 859.6 806.96 731.88 752.16 918.28
-9999 14.25 28.92 32.52 25.8 40.72 14.8695652173913 15.9130434782609 42.32 30.12 8.35294117647059 14.0666666666667 7.73333333333333 43 68.72 82 100.8 102.08 89.8 68.32 68.44 79.48 81.6 68.6 53 35.64 34.2 37.08 38.56 22.28 8.76 9.4 36.12 53.12 58.72 41.48 48.36 51.44 57.44 71 79.6 87.04 108.12 127.04 141.44 126.48 136.52 157.92 163.92 165.88 181.8 228.6 245.04 296.12 406.44 429.76 332.52 308 349.64 276.52 398.76 426.48 396.28 407.28 456.12 555.96 590.8 684.96 712.24 642.64 822.04 851.88
-9999 9 2.08 1.85714285714286 7.75 26.4 11.5 7.16666666666667 25 21.3076923076923 6.9 4.66666666666667 20.7894736842105 36.12 47.28 60.28 69.52 80.28 79.68 73.28 57.36 47.6 44.48 41 30.84 20.12 15.8 25.64 20.44 6.16 3.32 13.44 31.72 45.52 56.6 64.2 58 56.68 60.44 66.52 88.36 101.24 121.16 148.52 163.36 146.96 176.04 170.64 185.28 188.84 245.44 276.76 257.48 347.84 556.56 634.48 447.28 361.72 388.52 346.92 369.32 379.44 420.2 400.04 407.52 501.04 446.84 530.28 692.84 594.04 779.04 782.8
-9999 -9999 2.25 -9999 -9999 -9999 -9999 -9999 -9999 -9999 10 -9999 14.1333333333333 29.24 52.36 55.92 45.88 49.96 46.6 44.24 37.8 25.32 27.44 24.48 18.28 11.16 4.2 7.08 2.84 3.48 3.84 8.56 16.76 27.24 36.12 54.28 67.84 64.8 72.6 72 88.84 103.6 123.48 160.16 181.68 178.28 171.28 197.28 234.72 241.16 279.28 313.76 311.48 349.44 451.88 531.88 477.8 392.56 429.96 404.8 408.28 431.04 409.44 383.88 604.52 710.12 599.24 530.48 533.6 602.56 796.08 678.76
-9999 -9999 -9999 -9999 -9999 -9999 -9999 -9999 -9999 -9999 -9999 -9999 -9999 29.625 49.304347826087 64.48 60.84 48.4 33.64 20.92 16.52 12.2 10.72 6.84 3.36 2.68 2.92 2.36 2 2.04 2.48 2.4 3.6 13.04 21.64 37.64 58.04 74.92 80.12 82.12 92.2 120.76 140.52 172.32 242.32 258.96 211.36 272.88 268.48 303.16 395.36 402.44 357.64 377.76 451.6 527.4 448.72 439.92 451.92 505.56 471.28 470.52 485.6 476.08 593.48 783.28 699.88 690.36 611.16 539.28 734.36 593.44
-9999 -9999 -9999 -9999 -9999 -9999 -9999 -9999 -9999 -9999 -9999 -9999 -9999 -9999 -9999 53.3 63.695652173913 62.52 46.2 27.64 14.84 4.28 2.36 1.76 1.96 2 2.04 1.64 1.84 1.8 1.92 2.32 3.8 5.96 12.88 34.08 50.44 78.92 95.44 93.64 102 135.28 179 246.44 317.16 290.08 262.48 350.2 371.92 465.84 514.28 435.72 358.6 417.24 510.72 526.12 451.04 438.56 435.44 506.8 502.08 451.2 521.12 653.72 718.96 815.24 758.48 688.6 631.44 639.56 633.84 534.28
-9999 -9999 -9999 -9999 -9999 -9999 -9999 -9999 -9999 -9999 -9999 -9999 -9999 -9999 -9999 -9999 50.6666666666667 48 44.52 36.04 25.36 9.88 1.76 1.84 1.88 1.88 1.56 1 1.56 1.76 1.32 1.8 4.96 8 13.04 32.16 52.6 78.68 96.6 116.2 135.2 154.6 220.64 258.56 320 364.96 379.64 392.64 362.36 508.08 516.36 440.96 363.12 449.64 498.92 490.12 442.32 411.84 469.4 472.56 451.08 426.12 523.2 620.92 591 730.72 736.76 782.76 672.88 1077.68 1107.68 888.32
-9999 -9999 -9999 -9999 -9999 -9999 -9999 -9999 -9999 -9999 -9999 -9999 -9999 -9999 -9999 -9999 -9999 -9999 36.5 35.5 31.16 16.8 1.96 1.32 1.24 1.04 1 1 0.95 0.95 1.32 1.72 2.28 6.72 16.56 36.32 58.64 80.68 95.04 139.8 162.24 212.08 262.48 260.2 339.28 390 435.32 515.28 428.88 429.92 524.4 503 539.52 574.4 533.16 480.4 448.76 422.24 425.96 445.48 411.52 422.16 467.68 551.72 553.4 736.88 744.28 856.36 934.08 1329.56 1424.32 1204.8
-9999 -9999 -9999 -9999 -9999 -9999 -9999 -9999 -9999 -9999 -9999 -9999 -9999 -9999 -9999 -9999 -9999 -9999 -9999 27 22.0909090909091 12.04 1.4 0.96 0.84 0.8 0.64 0.916666666666667 0.421052631578947 1.04 1.12 2.96 12.96 11.08 26.76 51.4 77.8 74.76 81.24 109.24 216.72 197.48 238.84 299.92 371.92 393.64 400.24 460.52 596.32 425.44 492.76 576.8 578.76 577.92 525.56 459.32 453.48 409.36 383.68 415.36 468.28 435.68 480.72 680.84 707.8 761.6 752.08 930.08 1087.12 1447.72 1345.2 1145.76
-9999 -9999 -9999 -9999 -9999 -9999 -9999 -9999 -9999 -9999 -9999 -9999 -9999 -9999 -9999 -9999 -9999 -9999 -9999 -9999 10.3333333333333 7.86363636363636 1.56 1 0.96 1.04 0.28 0.647058823529412 0.84 1.04 3.28 12.4 23.36 30.8 70.84 106.08 94 84.32 115.48 124.24 290.2 308.56 282.68 325.96 324.6 329.08 420.36 540.04 708.68 540.04 490.64 590.6 534.44 462.28 479.6 481.44 463.8 404.8 482.76 559.6 640.08 610.76 626.52 719.68 727.16 683.52 939.64 1065.76 1007.24 1202.24 1185.64 1063.04
-9999 -9999 -9999 -9999 -9999 -9999 -9999 -9999 -9999 -9999 -9999 -9999 -9999 -9999 -9999 -9999 -9999 -9999 -9999 -9999 -9999 10.5 5.625 0.96 0.916666666666667 0.8 0.4 1.05882352941176 0.96 20.72 16.88 14.24 25.24 52.72 106.44 125.88 119.68 134.08 148.08 151.56 206.72 231.28 279.64 386.36 336.16 356.48 451.84 503.76 619.44 648.32 638.76 821.48 627.76 530.52 421.68 419.76 396 513.8 567.16 590.8 898.04 1035 975.2 908.92 802.16 1018.08 1097.6 947 1022.12 1024.76 935.6 994.76
-9999 -9999 -9999 -9999 -9999 -9999 -9999 -9999 -9999 -9999 -9999 -9999 -9999 -9999 -9999 -9999 -9999 -9999 -9999 -9999 -9999 -9999 9.13333333333333 1.83333333333333 0.818181818181818 1.21052631578947 3.61111111111111 19.2083333333333 3.32 19.76 25.16 33.76 45.84 78.52 103.92 154.84 144.2 136.52 155.8 159.56 171.24 373.96 370.16 559.84 576.52 409.52 467.8 531.6 739.2 746.2 746.24 716.6 506.08 527.68 547.28 415.48 397.68 696.64 588.64 501.24 731 712.48 575.04 695.24 654.8 757.8 637.04 522.16 493.56 572.6 683.32 907.6
-9999 -9999 -9999 -9999 -9999 -9999 -9999 -9999 -9999 -9999 -9999 -9999 -9999 -9999 -9999 -9999 -9999 -9999 -9999 -9999 -9999 -9999 8.14285714285714 3.35 3.6 1.08 4.52 25.16 10.72 15.2 47.72 94.04 124.48 95.12 125.8 112.36 154.04 127.24 127.96 149.84 234.16 310.36 345.84 384.76 436.12 494.52 540.52 522.8 593.96 747.4 824.2 763.64 596.84 704.84 577.48 432.76 478.6 326.44 251.24 352.28 420.76 491.28 411.88 521.96 593.96 639.2 671.04 441.04 364.28 286.08 351.08 877.52
-9999 -9999 -9999 -9999 -9999 -9999 -9999 -9999 -9999 -9999 -9999 -9999 -9999 -9999 -9999 -9999 -9999 -9999 -9999 -9999 -9999 -9999 -9999 8 1.13333333333333 4.64 20.56 18.44 14.44 36.32 50.52 153 202.4 130.16 108.76 143.24 186.56 106.72 137.56 159.76 297.4 407.4 507.76 452.16 401.68 630.8 712.64 753.16 717.56 769.32 851.12 858.72 768.08 767.56 544.12 721.44 517.68 465.48 174.28 230.52 434.16 487 353.84 520.68 599.48 784.12 639.12 450.24 334.28 302.32 224.04 401.96
-9999 -9999 -9999 -9999 -9999 -9999 -9999 -9999 -9999 -9999 -9999 -9999 -9999 -9999 -9999 -9999 -9999 -9999 -9999 -9999 -9999 -9999 7 25.4615384615385 20.5 16.08 30.72 14.68 27.68 45.32 46.16 74.44 87.44 82.44 75.44 93.44 184.2 120 134.76 221.8 389.16 397.6 823.56 850.28 755.24 464.6 640.72 771.28 795.68 696.16 853.44 1003.8 961.68 631.8 555.32 735.48 386.72 243.2 178.52 341.48 471.64 347.76 263.76 349.56 406.28 723.44 685.08 653.32 339.72 154.64 143.16 345.4
-9999 -9999 -9999 -9999 -9999 -9999 -9999 -9999 -9999 -9999 -9999 -9999 -9999 -9999 -9999 -9999 -9999 -9999 -9999 -9999 -9999 -9999 11.9 36.36 28.36 30.2 27.32 43.36 51.76 29.32 31.28 59.16 70.4 67.04 110.16 95.4 203.8 196.52 174.88 223.04 297 403.72 697.84 1054.76 946.04 752.08 774.56 642.12 576.52 726.52 948.52 1158.68 805.6 701.72 1020.72 563.32 263.48 160.36 170.48 264.64 240.04 163.76 138.4 321.84 237.8 430.76 494.56 481.4 390.32 253.6 97.84 82.24
-9999 -9999 -9999 -9999 -9999 -9999 -9999 -9999 -9999 -9999 -9999 -9999 -9999 -9999 -9999 -9999 -9999 -9999 -9999 -9999 -9999 -9999 20.5882352941176 35.44 25.28 40.96 56.92 39.72 48.6 19.68 58.6 94.44 67.72 62.92 68.6 103.12 197.56 200.64 226.76 296.08 268.04 366.72 462.64 999.4 1043.4 906.76 916 619.6 669.4 765.6 1057.64 1148.56 1173.76 804.32 555.12 342.2 231 167.2 69.24 92.08 58.2 54.76 92.8 131.8 74.5416666666667 172.8 182.04 219.76 219.2 136.4 103.619047619048 16.7857142857143
-9999 -9999 -9999 -9999 -9999 -9999 -9999 -9999 -9999 -9999 -9999 -9999 -9999 -9999 -9999 -9999 -9999 -9999 -9999 -9999 -9999 -9999 18 30.64 20.52 39.36 39.72 23.8 35.6 30.04 77.04 73.44 57.24 46.24 59.04 120.12 125.76 161.4 240.32 338.8 309.96 382.72 500.72 939.16 874.28 1016.16 764.56 950.72 1031.8 1013.96 1102.88 1426.12 1490.44 728.96 352.32 234.76 166.56 111.48 103.88 116.68 179.64 37.72 14.08 20.56 9.4 -9999 64 58.6 56.4 34.8 -9999 -9999
-9999 -9999 -9999 -9999 -9999 -9999 -9999 -9999 -9999 -9999 -9999 -9999 -9999 -9999 -9999 -9999 -9999 -9999 -9999 -9999 -9999 -9999 -9999 21.6666666666667 15.0625 33.125 30.28 27.16 13.76 19.92 21.2 27.4 30.96 68.04 82.56 129.2 157.04 130.28 167.12 261.6 301.96 469.72 392.6 666.52 1073.16 778.48 665.12 849.48 1059.48 885.36 1141.92 1093.24 864.36 679.4 573.48 349.52 267.12 198.84 142.92 187.12 158.56 134.04 87.28 6.30769230769231 -9999 -9999 -9999 -9999 -9999 -9999 -9999 -9999
-9999 -9999 -9999 -9999 -9999 -9999 -9999 -9999 -9999 -9999 -9999 -9999 -9999 -9999 -9999 -9999 -9999 -9999 -9999 -9999 -9999 -9999 -9999 -9999 -9999 28.625 5.26315789473684 2.4 27.6 55.84 67.76 56.72 47.6 82.64 131.16 228.72 291.96 346.32 209.84 248.88 365.52 580.8 586.52 702.56 853.84 514.08 724.08 490.48 659.56 823.16 1014.28 894.4 875.8 506.2 618.6 476.48 483.96 350.44 357.24 714.8 577.76 421.84 129.818181818182 5 -9999 -9999 -9999 -9999 -9999 -9999 -9999 -9999
-9999 -9999 -9999 -9999 -9999 -9999 -9999 -9999 -9999 -9999 -9999 -9999 -9999 -9999 -9999 -9999 -9999 -9999 -9999 -9999 -9999 -9999 -9999 -9999 -9999 -9999 3.92857142857143 8.4 25.64 63.44 81.28 85.96 66.64 88.56 177.44 248.76 296.72 276.76 312.8 452.36 523.4 439.52 653 648.92 527.16 551.04 581.56 570.76 891.04 745.96 732.72 735.56 393.92 517.32 856.16 545.96 605.48 290.04 156.36 267.52 287.086956521739 183.8 58.75 -9999 -9999 -9999 -9999 -9999 -9999 -9999 -9999 -9999
-9999 -9999 -9999 -9999 -9999 -9999 -9999 -9999 -9999 -9999 -9999 -9999 -9999 -9999 -9999 -9999 -9999 -9999 -9999 -9999 -9999 -9999 -9999 -9999 4 7.5 5.25 13.7894736842105 52.08 67.48 87.08 109.88 82.56 75.24 136.64 128.28 197.36 252.96 494.2 688.84 397.4 408.92 680.84 371.64 439 582.08 379.04 575.4 830.92 553.76 393.56 358.88 213.56 410.16 452.8 254.28 315.84 229.16 77.28 47.24 24.3333333333333 -9999 -9999 -9999 -9999 -9999 -9999 -9999 -9999 -9999 -9999 -9999
-9999 -9999 -9999 -9999 -9999 -9999 -9999 -9999 -9999 -9999 -9999 -9999 -9999 -9999 -9999 -9999 -9999 -9999 -9999 -9999 -9999 -9999 -9999 -9999 -9999 1.5 10.2 3.28 32 66.2 80.92 99.04 97.28 81.72 104.04 97.88 152.44 181.48 451.48 725.48 380.68 366.44 497.08 206.56 368.52 257.08 443.96 902.36 633.48 355.44 201.4 139.28 67.76 56.4 62.7 61.5454545454545 81.25 131.571428571429 75.6315789473684 52.5555555555556 -9999 -9999 -9999 -9999 -9999 -9999 -9999 -9999 -9999 -9999 -9999 -9999
-9999 -9999 -9999 -9999 -9999 -9999 -9999 -9999 -9999 -9999 -9999 -9999 -9999 -9999 -9999 -9999 -9999 -9999 -9999 -9999 -9999 -9999 -9999 -9999 -9999 2 4.75 7.24 40 60.8 59.6 80.68 115.84 88.12 87.16 87.2 102.2 141.24 220.68 423.6 349.04 266.12 189.64 68.6 150.6 208.32 509.12 596.88 300.24 107.32 58.8095238095238 30.3333333333333 16.6 -9999 -9999 -9999 -9999 -9999 -9999 -9999 -9999 -9999 -9999 -9999 -9999 -9999 -9999 -9999 -9999 -9999 -9999 -9999
-9999 -9999 -9999 -9999 -9999 -9999 -9999 -9999 -9999 -9999 -9999 -9999 -9999 -9999 -9999 -9999 -9999 -9999 -9999 -9999 -9999 -9999 -9999 -9999 -9999 -9999 2.46153846153846 19.12 24.32 27 80.44 114.56 95.68 82.96 80.56 61.32 55.32 50.84 123.32 332.76 378.16 374 124.84 63.68 117.32 118.04 232.68 120.92 46.0588235294118 21.4285714285714 -9999 -9999 -9999 -9999 -9999 -9999 -9999 -9999 -9999 -9999 -9999 -9999 -9999 -9999 -9999 -9999 -9999 -9999 -9999 -9999 -9999 -9999
-9999 -9999 -9999 -9999 -9999 -9999 -9999 -9999 -9999 -9999 -9999 -9999 -9999 -9999 -9999 -9999 -9999 -9999 -9999 -9999 -9999 -9999 -9999 -9999 -9999 -9999 12 19.1666666666667 36.16 62.88 73.84 99.96 104.44 60.2 54.4 29.08 45.92 63.64 136 356.36 323.96 275.36 132.96 89.72 121.48 110.68 150.72 52.6428571428571 -9999 -9999 -9999 -9999 -9999 -9999 -9999 -9999 -9999 -9999 -9999 -9999 -9999 -9999 -9999 -9999 -9999 -9999 -9999 -9999 -9999 -9999 -9999 -9999
-9999 -9999 -9999 -9999 -9999 -9999 -9999 -9999 -9999 -9999 -9999 -9999 -9999 -9999 -9999 -9999 -9999 -9999 -9999 -9999 -9999 -9999 -9999 -9999 -9999 -9999 -9999 23.4444444444444 41.96 66.88 53.08 51.16 62.4 64.6 62.84 27.28 171.16 203.96 183.4 329.72 380 206.44 106.4 65.8 71.48 79.64 106.625 12 -9999 -9999 -9999 -9999 -9999 -9999 -9999 -9999 -9999 -9999 -9999 -9999 -9999 -9999 -9999 -9999 -9999 -9999 -9999 -9999 -9999 -9999 -9999 -9999
-9999 -9999 -9999 -9999 -9999 -9999 -9999 -9999 -9999 -9999 -9999 -9999 -9999 -9999 -9999 -9999 -9999 -9999 -9999 -9999 -9999 -9999 -9999 -9999 -9999 -9999 -9999 -9999 37.7777777777778 25.24 100.72 89.56 53.44 24.8 15.56 47.76 114.76 192.72 230.12 204.36 303.68 180.36 103.48 97.88 113.36 41.16 69.5384615384615 -9999 -9999 -9999 -9999 -9999 -9999 -9999 -9999 -9999 -9999 -9999 -9999 -9999 -9999 -9999 -9999 -9999 -9999 -9999 -9999 -9999 -9999 -9999 -9999 -9999
