sdm/inst/external/precipitation.asc
NCOLS 124 
NROWS 71 
XLLCORNER 100975.311332809 
YLLCORNER 3988829.71757999 
CELLSIZE 4219.2230169468 
NODATA_value -9999 
[rows 0 to 31 of 71, columns 0 to 71 of 124]
-9999.000000000000000 -9999 -9999 -9999 -9999 -9999 -9999 -9999 -9999 -9999 -9999 -9999 -9999 -9999 -9999 -9999 -9999 -9999 -9999 -9999 -9999 -9999 -9999 -9999 -9999 -9999 -9999 -9999 -9999 -9999 -9999 -9999 -9999 -9999 -9999 -9999 -9999 -9999 -9999 -9999 -9999 -9999 -9999 -9999 -9999 -9999 -9999 -9999 -9999 546 533.85 517.368421052632 513.68 529.714285714286 -9999 -9999 -9999 -9999 -9999 -9999 -9999 -9999 -9999 -9999 -9999 -9999 -9999 -9999 -9999 -9999 -9999 -9999
-9999 -9999 -9999 -9999 -9999 -9999 -9999 -9999 -9999 -9999 -9999 -9999 -9999 -9999 -9999 -9999 -9999 -9999 -9999 -9999 -9999 -9999 -9999 -9999 -9999 -9999 -9999 -9999 -9999 -9999 -9999 -9999 -9999 -9999 -9999 -9999 -9999 -9999 -9999 -9999 -9999 -9999 -9999 -9999 -9999 -9999 -9999 -9999 532 529.058823529412 528.28 526.36 533.72 545.72 534.857142857143 517.136363636364 -9999 -9999 -9999 -9999 -9999 -9999 -9999 -9999 -9999 -9999 -9999 -9999 -9999 -9999 -9999 -9999
-9999 -9999 -9999 -9999 -9999 -9999 -9999 -9999 -9999 -9999 -9999 -9999 -9999 -9999 -9999 -9999 -9999 -9999 -9999 -9999 -9999 -9999 -9999 -9999 -9999 -9999 -9999 -9999 -9999 -9999 -9999 -9999 -9999 -9999 -9999 -9999 -9999 -9999 -9999 -9999 -9999 -9999 -9999 -9999 -9999 -9999 -9999 545.2 542.363636363636 544.56 541.68 534.12 538.64 551.52 562.36 535.16 526.5 -9999 -9999 -9999 -9999 -9999 -9999 -9999 -9999 -9999 -9999 -9999 -9999 -9999 -9999 -9999
-9999 -9999 -9999 -9999 -9999 -9999 -9999 -9999 -9999 -9999 -9999 -9999 -9999 -9999 -9999 -9999 -9999 -9999 -9999 -9999 -9999 -9999 -9999 -9999 -9999 -9999 -9999 -9999 -9999 -9999 -9999 -9999 -9999 -9999 -9999 -9999 -9999 -9999 -9999 -9999 -9999 -9999 -9999 -9999 -9999 559 554.666666666667 551.875 555.56 553.72 557 543.2 544.32 549.44 557.04 549.12 533.571428571429 528.8 530.5 -9999 -9999 -9999 -9999 -9999 -9999 -9999 -9999 -9999 -9999 -9999 -9999 -9999
-9999 -9999 -9999 -9999 -9999 -9999 -9999 -9999 -9999 -9999 -9999 -9999 -9999 -9999 -9999 -9999 -9999 -9999 -9999 -9999 -9999 -9999 -9999 -9999 -9999 -9999 -9999 -9999 -9999 -9999 -9999 -9999 -9999 -9999 -9999 -9999 -9999 -9999 -9999 -9999 -9999 -9999 -9999 -9999 568.5 562.9 561.76 570.6 571.56 567.04 570.52 566.56 562.08 559.6 556.44 545.36 542.72 540.2 539.6 538.230769230769 534.5 -9999 -9999 -9999 -9999 -9999 -9999 -9999 -9999 -9999 -9999 -9999
-9999 -9999 -9999 -9999 -9999 -9999 -9999 -9999 -9999 -9999 -9999 -9999 -9999 -9999 -9999 -9999 -9999 -9999 -9999 -9999 -9999 -9999 -9999 -9999 -9999 -9999 -9999 -9999 -9999 -9999 -9999 -9999 -9999 -9999 -9999 -9999 -9999 -9999 -9999 -9999 -9999 -9999 -9999 582 579.533333333333 577.64 576.24 578.32 580.32 580.08 578.28 577 571.76 565.92 569.88 568.08 561.08 557.4 548.36 546.48 543.818181818182 -9999 -9999 -9999 -9999 -9999 -9999 -9999 -9999 -9999 -9999 -9999
-9999 -9999 -9999 -9999 -9999 -9999 -9999 -9999 -9999 -9999 -9999 -9999 -9999 -9999 -9999 -9999 -9999 -9999 -9999 -9999 -9999 -9999 -9999 -9999 -9999 -9999 -9999 -9999 -9999 -9999 -9999 -9999 -9999 -9999 -9999 -9999 -9999 -9999 -9999 -9999 -9999 595 591.5 591.85 597.28 601.32 589.88 582.68 589.96 591.84 590.6 587.08 579.64 579.36 581.52 578.12 577.6 574.12 564.76 562.88 557.12 551.35 550.5 -9999 -9999 -9999 -9999 -9999 -9999 -9999 -9999 -9999
-9999 -9999 -9999 -9999 -9999 -9999 -9999 -9999 -9999 -9999 -9999 -9999 -9999 -9999 -9999 -9999 -9999 -9999 -9999 -9999 -9999 -9999 -9999 -9999 -9999 -9999 -9999 -9999 -9999 -9999 -9999 -9999 -9999 -9999 -9999 -9999 -9999 -9999 -9999 -9999 -9999 598.692307692308 601.44 612.84 605.96 606.84 607.96 599.16 599.4 601.2 601.56 593 585.44 591.48 591.2 590.8 589.72 586.84 575.96 577.4 569.88 564.44 560.68 554.571428571429 560 -9999 -9999 -9999 -9999 -9999 -9999 -9999
-9999 -9999 -9999 -9999 -9999 -9999 -9999 -9999 -9999 -9999 -9999 -9999 -9999 -9999 -9999 -9999 -9999 -9999 -9999 -9999 -9999 -9999 -9999 -9999 -9999 -9999 -9999 -9999 -9999 -9999 -9999 -9999 -9999 -9999 -9999 -9999 -9999 -9999 -9999 -9999 -9999 609.5 614.04 612.08 619.24 616.44 611.24 611.48 612.48 612.84 611.24 604.08 601.76 600.96 600.04 601.88 601 594 592.72 587.24 579.24 584.08 577.64 567.8 563.5 562 -9999 -9999 562.333333333333 584 -9999 -9999
-9999 -9999 -9999 -9999 -9999 -9999 -9999 -9999 -9999 -9999 -9999 -9999 -9999 -9999 -9999 -9999 -9999 -9999 -9999 -9999 -9999 -9999 -9999 -9999 -9999 -9999 -9999 -9999 -9999 -9999 -9999 -9999 -9999 -9999 -9999 -9999 -9999 -9999 -9999 -9999 -9999 616.714285714286 621.92 624.64 621 615.88 616.4 623.64 632.6 630.56 621.4 615.68 615.8 613.52 611.92 610.28 611.12 607.64 602.36 596.6 592.2 596.08 590.92 578.32 570.76 568.863636363636 566.090909090909 554 554.631578947368 577.48 564.05 551.777777777778
-9999 -9999 -9999 -9999 -9999 -9999 -9999 -9999 -9999 -9999 -9999 -9999 -9999 -9999 -9999 -9999 -9999 -9999 -9999 -9999 -9999 -9999 -9999 -9999 -9999 -9999 -9999 -9999 -9999 -9999 -9999 -9999 -9999 -9999 -9999 -9999 -9999 -9999 -9999 -9999 -9999 622.916666666667 631.72 635.92 624.16 619.64 618.68 628.52 631.92 626.6 633.92 636 627.36 618.4 617.64 617.4 624.56 618.92 610.04 608.68 607.84 608.08 601.96 589.4 584.64 584.4 575.04 561.260869565217 544.130434782609 536.48 539.4 545.88
-9999 -9999 -9999 -9999 -9999 -9999 -9999 -9999 -9999 -9999 -9999 -9999 -9999 -9999 -9999 -9999 -9999 -9999 -9999 -9999 -9999 -9999 -9999 -9999 -9999 -9999 -9999 -9999 -9999 -9999 -9999 -9999 -9999 -9999 -9999 -9999 -9999 -9999 -9999 -9999 -9999 629 637.72 632.28 623.92 618.84 617.8 617.76 621.36 623.56 642.76 659.76 653.8 630.6 618 616.6 626.96 625.56 617.36 612.76 613.88 606.44 608.2 605.4 604.16 598.36 591.48 588.8 575.96 545.36 554.52 560.64
-9999 -9999 -9999 -9999 -9999 -9999 -9999 -9999 -9999 -9999 -9999 -9999 549.5 560.8 600 -9999 -9999 -9999 -9999 -9999 -9999 -9999 -9999 -9999 -9999 -9999 -9999 -9999 -9999 -9999 -9999 -9999 -9999 -9999 -9999 -9999 -9999 -9999 -9999 -9999 -9999 -9999 648.882352941176 646.2 636.2 632.8 649.56 638.84 619.48 617.52 633.88 652.08 652.8 651.48 637.08 614.8 613.16 626.56 625.68 616.4 620.64 605.12 604.4 611.96 608.52 605.04 595.72 594.4 577.8 542.32 576.08 564.68
-9999 -9999 -9999 -9999 -9999 -9999 -9999 -9999 -9999 -9999 -9999 -9999 543.416666666667 573.88 600 617.375 -9999 -9999 -9999 -9999 -9999 -9999 -9999 -9999 -9999 -9999 -9999 -9999 -9999 -9999 -9999 -9999 -9999 -9999 -9999 -9999 618 617.428571428571 611.5 -9999 -9999 609.5 640.052631578947 654.68 654.08 659.24 661.84 649.96 638.24 638.48 625.64 626.8 646.24 645.32 656.52 636.52 612.92 611.44 617.72 623.96 629.08 622.84 603.12 614.36 608.48 593.56 594.84 598.32 584.76 535.24 561.28 558.44
-9999 -9999 -9999 -9999 -9999 -9999 -9999 -9999 -9999 -9999 -9999 -9999 550.444444444444 552.6 577 586 -9999 -9999 -9999 -9999 -9999 -9999 -9999 -9999 -9999 -9999 -9999 -9999 -9999 -9999 -9999 -9999 -9999 -9999 652.333333333333 640.681818181818 632.4 629.12 621.75 -9999 -9999 603.666666666667 618.44 631.36 639.96 667.12 656.6 665.64 672.4 666.12 657.8 636.8 633.36 646.88 640.36 631.88 635.84 618.16 606.08 619.04 618.2 614.04 604.68 597.04 595.08 571.92 586.12 593.8 589.8 565.2 536.4 549.16
-9999 -9999 -9999 -9999 -9999 -9999 -9999 -9999 -9999 -9999 -9999 578.5 579.96 568.8 556.64 584.88 596.764705882353 598.466666666667 608.076923076923 622.125 -9999 -9999 -9999 -9999 -9999 -9999 -9999 -9999 -9999 -9999 -9999 -9999 -9999 632.5 668.85 680.8 652.24 646.789473684211 639 634.833333333333 625.285714285714 644.32 614.24 627 618.72 651.16 640.64 652.04 672.72 668.96 670.56 657.04 643.48 626.24 636.32 638.64 627.24 626.12 608.88 627.76 622.08 610.72 600 584.92 560.72 568.08 570.48 573.76 573.92 560.88 528.52 526
-9999 -9999 -9999 -9999 -9999 -9999 -9999 -9999 551 575 -9999 593.5 601.92 583.2 578.4 561.88 604.16 631.32 642.12 648.045454545455 -9999 -9999 699 720.375 773 -9999 -9999 -9999 -9999 -9999 -9999 -9999 -9999 612 622.04 655.76 680.88 674.826086956522 660 645.208333333333 632.12 625 611.6 644 609.88 631.6 645.6 640.56 651.72 650.16 661.6 677 662.4 642.4 634.24 642.32 627.32 623.08 606.96 599.44 614.4 605.52 603.64 580.36 556.08 555.24 547.96 548 541 529.36 554.44 540.76
-9999 -9999 -9999 -9999 -9999 -9999 559.5 566.555555555556 583.1 586.56 588 609.478260869565 628.2 632.48 614.64 572.24 581.96 616.68 650.12 688.88 656 626.3 672.538461538462 673.12 716.5 -9999 -9999 -9999 -9999 -9999 -9999 -9999 -9999 607.5 620.16 623 654.76 682.6 687.56 667.6 659.56 633.12 624.84 615.36 608.72 618.44 637.72 646.08 636.72 640.88 663.2 678.44 675.8 670.84 646.32 641.76 648.28 630.2 615.76 588.92 593.68 599.72 591.48 573.12 552.4 549.76 544.8 539.56 526.12 519.96 516.32 504.6
-9999 -9999 -9999 -9999 -9999 -9999 537.217391304348 536.56 541.96 544.84 543.52 546.08 570 605.32 649.36 639.08 585.6 598.84 631.08 633.08 622.6 608.12 606.6 640.6 642.916666666667 651.583333333333 -9999 -9999 -9999 680 640.75 654.625 612.888888888889 610.941176470588 649.24 652.52 640.04 662.96 682.6 669.8 677.08 676.2 660.96 634.04 623.32 608.96 626 626.84 640.84 659.4 671.48 663.76 656.6 659.4 659.4 646.04 649.8 639.28 621.92 599.36 605.08 588.64 575.6 560.88 548.92 543.4 539.04 534.16 519.48 512.36 505.12 498.52
-9999 -9999 -9999 -9999 -9999 521.5 521.64 531.76 540.44 556.28 562.72 578.8 587.28 596 644.04 625.2 618.88 656.2 650.48 607.16 596.16 590.8 597.68 620.12 627.2 659.88 635.56 623 620.333333333333 642.590909090909 683.08 675.8 638.72 605.8 643.2 661.88 676.84 664.2 660 676.24 685.32 687.48 676.84 668.2 661.28 637.88 611.84 623.08 631.4 651.88 656.84 654.24 652 646.88 644.56 644.28 642.64 645.36 622.04 595.52 581.56 581.92 576.96 554.16 540.4 545.88 533.24 518.56 518.24 518.52 515.08 507.08
-9999 -9999 -9999 -9999 -9999 524.230769230769 527.88 545.12 564.72 570.44 572 569.92 599.52 612.92 656.16 652.88 638.72 668.72 681.52 681.2 654.12 620.88 580.56 593.76 616.92 646.52 659.6 630.4 619.16 633.68 650.84 660.56 633.56 606.68 636.04 668.52 665.24 665.56 645.84 683.4 706.16 689.36 663.32 648.4 653.88 656.4 646.68 631.08 637.12 653.84 661.28 667.48 644.04 639.76 646.16 642.76 654.92 632.08 615.84 603.12 584.68 569.8 560.16 549.68 543.48 548.52 549 537.08 522.28 530.96 532.68 527.12
-9999 -9999 -9999 -9999 513 527.285714285714 541.24 561.4 573.72 611.72 606.8 596.24 602.08 637.76 619.92 644.4 647.56 668.76 655.84 637.36 658.56 656.2 631.16 586.92 587.96 599.6 617.24 630 625.08 626.16 636.28 623.2 608.2 612.4 630.92 648.96 646.16 649.72 676.52 683.56 695.96 682.32 667.84 644.16 637.16 642.44 645 650.72 623.68 639.76 650.24 651.36 643.48 647.32 651 651.8 637.8 616.04 602.2 588 579.64 572.28 568.84 558.04 552 561.32 558.28 548.68 539 527.24 540.6 538.32
-9999 -9999 -9999 516.5 523.058823529412 531.32 546.52 577.12 591.72 592.56 569.6 575.04 596.12 602.64 572.28 594.64 581.24 587.76 591.72 625.88 622.48 627.44 654.64 647.96 605.2 581.72 597.92 627 617.32 622 629 620.76 594.52 595.52 633.52 638.08 645.92 630.88 658 669.48 672.76 661.16 662.96 650.28 617.92 618 636.72 636.76 622.56 627.84 634.12 634.76 628.44 643.48 633.44 629.68 620.64 610.6 600.92 597.2 595.16 588.56 577.88 570.6 572.04 572.88 560.44 558.56 546.88 533.4 545.16 540.44
-9999 -9999 517.25 522.727272727273 526.36 528.64 539.48 544.6 542.76 543.04 542.68 548.44 557.88 566.8 547.72 564.44 568.08 585.48 570.92 586.88 589.48 608.64 630.04 608.08 590.84 577.2 591.88 624.48 627.4 619.68 623.36 619.12 590.24 561.12 614.2 631.56 627.8 622.6 626.76 638.32 645 642.84 650.4 647.32 635.2 626.88 627.4 620.4 619.72 629.84 622.72 624.36 626.64 621.72 620.24 624.64 623.28 619.92 617.12 612.88 609.24 594.52 590.52 581.16 571.4 570.68 565.52 560.16 544.84 536 535.32 532.8
-9999 -9999 516.130434782609 524.48 516.72 523 524.84 527.88 531.72 535.68 539.6 530.28 544.16 557.92 537.04 536.52 547.04 562.6 572.44 609.28 627.72 615.56 622.8 618.2 616.2 608.96 578.56 604.04 620.04 616.12 646.88 630.36 614.64 580.68 574.72 624.64 622.76 631.96 619.04 630.28 638.08 629.8 618.08 611.2 616.44 623.24 624.32 604.72 601.92 606.72 608.28 610.12 615.52 621.76 631.04 634.56 628.28 618.68 615.56 613.72 613.2 603.68 594.12 584.84 577.68 575 567.28 557.88 546.12 538.16 535.4 535.44
-9999 504 520.84 516.96 510 510.68 515.6 519.6 526.12 528.68 512.68 514.04 527.52 530.6 530.68 521.56 548.92 558.52 559 593.96 615.88 599.8 610.88 622.76 607.4 593.76 582.44 584.68 605.24 599.68 611.92 622 619.88 602.92 564.96 598.12 607.84 614.28 622.04 635.16 644 630.44 616.4 617.2 627.96 621.36 606.16 603.2 600.08 608.68 616.68 623.84 624.32 631.12 637.52 642.68 640.12 629.88 621.6 607.48 607.44 598.76 588.76 576.92 578.32 593.16 573.36 553.84 544.16 548.32 541.36 540.2
-9999 506.090909090909 510.92 505.4 510.8 517.6 519.4 520.68 528.84 523.92 506.56 506.76 513.28 533.04 518.24 525.12 548.84 570.32 594.16 593.76 577.84 572.88 604.68 608.44 608.24 599.52 600.64 583.6 590.2 601.2 600.8 608.08 615.52 610.6 574.8 572.24 591.08 596 598.84 622.36 624 616.92 594.52 592.76 594.4 596.24 598.08 598.64 609.32 618.8 626.4 631.2 632.76 632.56 639.72 642.52 640.84 638.52 631.76 610.44 599 591.12 584.28 582.72 577.28 578.16 572.6 560.48 548.64 546.32 544.04 543.8
499 502.16 499.72 504.84 511.12 514.88 521.56 526.04 530 513.72 499.76 498.88 518.76 542.68 521.32 527.52 546.88 565.12 576.16 570.08 557.8 573.68 599.16 606.4 588.56 609.8 595 589.8 587.76 582.44 588.6 603.4 621 619.24 611.96 570.72 578.88 580.68 593.48 608.4 601.84 589.28 583.96 587.56 589.32 594.96 600.8 608 614.12 625.84 631.96 636.08 637.36 636 638.64 642.32 643.36 642.36 626.88 611.72 600.04 597.84 601.48 580.64 575.32 580.84 571.68 556 548.88 555.8 561.32 556.6
507.133333333333 513.4 517.52 517.84 514.08 526.28 531.32 528.2 536.2 522.04 507.76 499.08 523.68 517.56 509.4 542.08 558.72 564.56 575.16 572.44 553.44 571.28 599.56 597.32 588.88 582.28 581.96 581.84 596.56 596.24 580.16 593.72 606.64 594.8 586.24 568.88 572.08 570.84 577.68 587.28 585.28 581.4 586.32 595.56 601.56 607 614.96 619.68 614.92 617.52 629.88 637.64 639.44 641.04 643.36 647.48 643.16 632.64 636.48 621.4 602.24 601.24 602.76 602.68 589.56 568.68 568.88 573 560.08 549.92 552.88 559.08
509.631578947368 534.2 530.16 532.24 527.76 529.32 523 515.6 514.6 509 505.16 493.84 513.36 500.76 509.8 545.08 549.88 541.76 569.4 551.24 553.56 587.92 605.6 584.2 581.12 573.76 573.44 578.52 581 582.04 571.4 573.88 571.92 566.68 563.64 565.48 568.24 572.88 575.04 579.04 585.32 593.76 601.68 602.44 609.04 614.4 613.56 622.44 627.12 626.68 619.8 632 641.28 643.68 643.56 640.72 633.52 625.92 634.6 627.52 612.52 605.92 602.12 611.76 599.12 590.72 578.96 581.84 568.6 549.6 550.48 551.6
502.333333333333 503.88 507.64 519.88 535.04 536.56 525.16 511.4 502.12 499.24 499.24 494.32 496.8 508.72 523.52 540.8 544.72 547.56 550.56 543.4 567.8 581.96 584.64 586.96 573.84 558.88 566.4 566.04 569.04 565.44 559.88 563.16 565.72 563.12 566.76 571.44 576.12 581.96 587.76 589.88 593.4 601.52 607.92 610.96 618.96 624.08 620.36 626.84 633.76 636.72 629.44 628.24 638.84 641.64 631.64 627.32 627.36 620.68 619.16 625.36 622.52 622.6 628.04 627.8 610.76 600.88 609.16 580.16 572.88 552.2 539.72 560.36
-9999 493.652173913043 506.12 518.88 521.48 515.76 515.04 511.08 496.28 489.48 489.6 487.6 499.8 517.96 523.16 522.56 531.72 539.76 542.52 537.52 542.68 555.08 557.2 560.32 555.96 551.68 552.48 552.2 554.48 555.64 558.64 562 564.16 567.88 572.8 578.72 584.36 590.92 595.8 602.24 594.48 607.88 617.32 619.88 623.8 627.08 622.36 630 634.4 638.64 634.4 626.24 627.64 627.88 625.44 626.88 631.2 629.04 623.52 621.84 614.72 617.68 626.56 625.24 616.16 618.08 635.12 631 597 570.8 543.32 538.64
