sdm/inst/external/precipitation.asc
NCOLS 124 
NROWS 71 
XLLCORNER 100975.311332809 
YLLCORNER 3988829.71757999 
CELLSIZE 4219.2230169468 
NODATA_value -9999 
[rows 32 to 63 of 71, columns 0 to 71 of 124]
-9999 501.588235294118 512.32 520.08 509.96 503.96 502.28 507.92 501.76 490.28 493.08 483.32 497.72 503.56 505.76 511.64 515.72 519.04 523.72 521.32 529.8 542.44 543.8 538.64 538.96 543.52 549 549.56 561.84 561.68 561.68 563.72 567.52 572.6 576.28 582.52 589.08 597.16 608.52 609.92 595.16 608.88 618.92 622.04 627.44 629.84 626 632.72 641.24 644.28 631.04 626.76 628.36 629.88 624.72 625.28 627.12 626.52 623.72 626.28 623.72 609.2 609.76 604.92 607.68 663.8 688.16 659.92 629.32 562.4 561.48 541.2
-9999 497.909090909091 501 510.4 499 497.08 506.92 500.72 502.88 494.44 483.2 478.8 486.64 489.72 495.16 499.88 502 505.8 506.4 512 519.16 531.68 549.68 545.96 539.08 541.16 548.64 557.16 579.92 577.12 571.56 567 571.84 575.92 580.04 586.72 595.88 607.96 617.44 601.16 597.4 600.52 605.36 611.6 621.56 625.4 626.04 631.44 648.68 652.76 637.64 633.92 630.24 634.12 629.08 625.44 628.12 627.32 630.48 629.76 621.56 612.2 605.32 601.92 602.64 641.56 646.96 600.04 569.36 566.56 598.44 549.36
-9999 494.3 505.6 506.08 501.2 492.24 498.72 491.8 500.68 485.56 474.8 472.04 475.6 482.56 485.92 487.76 496.44 498.92 506.72 524.72 532.48 543.52 551.68 547.68 547.92 547.32 546.6 573.08 585.92 582.28 584.68 572 576.6 579.32 583.56 591.52 604.68 613.48 602.16 598.28 602.68 604.88 605.56 610.4 616.76 625.16 629.12 630.76 635.4 637.44 633.84 632.6 634.4 634 633.12 624.56 622.6 624.4 627.68 621.96 618.84 614.52 613.64 616 609.28 632.12 627.56 612.2 595.64 578 576.08 583.56
-9999 494.6 495.12 502.04 496.32 487.72 482.84 481.2 488.6 481.92 471.72 466.260869565217 471.24 475.56 479.12 482.32 487.36 508.24 524.36 530.6 535.92 544.64 546.28 550.52 549.92 553.52 548.28 572.88 578.2 578.28 583.8 572.92 577.44 581.64 588.04 600.48 607.56 599.68 596.88 597.84 602.8 608 612.52 613 618.08 620.08 626.8 631.44 633.12 634.04 637.08 642.04 637.6 641.04 639.04 633.64 632.24 618.96 627.28 615.72 610.72 607.32 612.16 622.84 619.28 604.2 600.96 633.08 681.12 596.24 637.68 598.72
-9999 482.285714285714 490.64 488.16 488.8 485.28 476.72 474.88 480.36 476.96 470.64 466.388888888889 469.52 471.35 482.44 490.52 505.2 517.44 519.12 524.32 526.24 539.44 543.52 545.52 551.12 549.44 552.28 565.84 570.64 573.4 575.16 574.12 582.6 592.92 591.88 596.2 596.4 594.92 596.52 599.2 601.28 607.76 615.72 616.76 621.76 622.92 628.64 632.88 635.72 635.84 637.04 644.4 643.44 642.24 647.92 645.08 638.44 626.96 619.8 610.96 613.04 606.36 605.88 607.6 596.88 585.56 623.44 633.4 618.08 584.36 581.36 602.08
-9999 481 485.12 487.48 482.68 483.64 475.652173913043 474 481.84 476.96 467.529411764706 469.533333333333 467.933333333333 479.863636363636 492.2 501.12 509.32 515.72 518.64 518.44 521.8 531.84 537.84 540.96 542.84 546.44 550.88 560.92 567.48 569.04 571.52 575 584.84 592.16 596.28 593.48 596.64 597.2 599.24 602.48 605.6 609.08 616.84 624.92 630.96 628.72 632.92 637.72 639.28 639.12 640.12 646.36 648.76 653.68 667.12 666.72 645.76 633.04 633.48 612.24 620.4 615.96 600.16 591.92 587.8 593.4 588.08 590.88 583.68 555.84 588.08 586.32
-9999 481.5 479.12 477.214285714286 477.583333333333 480 475 473.75 476.7 474.384615384615 470.4 468.666666666667 474.473684210526 482.2 489.44 496.68 504.68 512.56 517.52 519.68 522 525.44 530.68 536.88 539.4 543.76 549.08 559 564.12 565.72 571.52 577.36 586.64 592.08 597.08 600.48 599.48 599.96 600.04 603 608.4 614.12 623.4 632.12 637.84 633.88 641.72 642.36 645.16 645.36 653.44 658.12 652.04 663.36 694.16 701.12 660.88 641.84 639.72 621.56 616.92 606.68 604.44 590.72 574.56 573.08 558.24 566.72 585 549.68 574.2 560.16
-9999 -9999 479.5 -9999 -9999 -9999 -9999 -9999 -9999 -9999 472 472 475.933333333333 483.6 493.24 498.04 499.6 505.28 510.12 515.56 519.88 522.4 527.6 533.36 537.72 542.96 547.92 555.84 560.52 566.2 572.48 579.36 585.2 590.92 595.28 601.16 605.04 604.64 605.72 605.44 610.4 616.92 625.48 637.12 644.28 645.56 643.64 649.64 656.48 654.56 662.24 664.84 660.6 664.68 674.96 685.2 666.88 647.28 643.88 628.88 619.28 612.76 598.96 584 603 617.8 581.92 560.52 545.32 538.88 569.88 532.84
-9999 -9999 -9999 -9999 -9999 -9999 -9999 -9999 -9999 -9999 -9999 -9999 -9999 483.636363636364 495.086956521739 502.68 505.48 505.92 508.32 511.12 516.16 520.08 525.52 530.72 536.36 543.08 549.2 556.88 562.76 567.92 573.68 578.84 583.8 590.16 594.12 599.64 606.04 609.88 609.6 610.36 614.52 623.64 632.32 643.24 658.36 665.04 650.96 664.04 663.76 669.56 686.56 684.12 673.96 669.16 673.92 678.96 660.56 652.04 646.44 644.08 630.28 619.8 611.04 597.08 603.28 621.28 596.4 585.52 557.12 530.8 558.6 521.64
-9999 -9999 -9999 -9999 -9999 -9999 -9999 -9999 -9999 -9999 -9999 -9999 -9999 -9999 -9999 503.333333333333 508.75 513.32 514.04 514.68 517.32 519.8 525.48 530.56 537.72 544.08 550.84 557.8 565.24 570.28 575.48 581.12 586.16 590.84 594.52 601.32 606.52 613.4 617.8 617.96 621.16 631.36 643.36 658.36 679.32 674.32 668.08 686.76 689.28 699.64 712.52 693.44 675.04 677.08 684.2 684.72 662.36 653.12 643.28 646.4 635 616.76 613.52 617.2 617.48 629.52 606.2 580.4 557.76 540.68 532.36 496.44
-9999 -9999 -9999 -9999 -9999 -9999 -9999 -9999 -9999 -9999 -9999 -9999 -9999 -9999 -9999 -9999 509.666666666667 512.368421052632 516.28 518.56 520.56 523.4 526.84 532.72 538.88 545.64 552.28 559.36 567.32 573.52 577.92 583.92 589.24 593.96 598.84 604.56 611.16 617.04 621.96 626.36 632.44 642.04 658.64 671.72 685.08 694.08 697.28 692.44 688.56 711.12 709.96 693.16 675.4 682.48 684.12 675.48 662.04 646.72 644.92 640 626.84 611.48 612.44 617.08 600.96 605.56 600.36 594.88 564.2 623.92 616.56 547.48
-9999 -9999 -9999 -9999 -9999 -9999 -9999 -9999 -9999 -9999 -9999 -9999 -9999 -9999 -9999 -9999 -9999 -9999 516.3 520.541666666667 523.84 526.08 528.36 534.76 541.04 547.2 554.4 561.52 568.904761904762 575.772727272727 581.56 586.88 592.76 597.52 603.48 608.84 615.76 622.04 629.2 641.32 649.36 659.8 671.84 668.96 692.16 701.92 707.92 723.96 705.52 699.8 714.88 702.52 699.04 701.56 691.76 676.24 662.76 648.12 640.68 633.92 618.72 609.2 604.4 602 588.48 606.92 599.72 608.28 612.52 698.56 730.44 661.52
-9999 -9999 -9999 -9999 -9999 -9999 -9999 -9999 -9999 -9999 -9999 -9999 -9999 -9999 -9999 -9999 -9999 -9999 -9999 521 524.545454545455 526.04 530.2 536.6 542.96 548.6 555.92 563.625 571.842105263158 579.2 584.52 590.96 597.36 601.48 609.32 619.12 627.12 629 632.08 639.96 659.4 665.68 676.16 688.2 705.44 708.36 710.2 715.44 731.68 705.68 710.16 718.08 712.84 706.2 691.44 671.64 663.16 646.64 633.48 627.52 624.12 610 605.04 621.92 616.72 613.8 599.56 626.2 660.48 749.96 711.92 646.52
-9999 -9999 -9999 -9999 -9999 -9999 -9999 -9999 -9999 -9999 -9999 -9999 -9999 -9999 -9999 -9999 -9999 -9999 -9999 -9999 525 527.565217391304 531.16 538.36 544.68 551.24 557.92 564.470588235294 573.92 581.72 588.4 595.72 605.32 612.32 622.92 637.84 637.08 635.84 643.68 649.4 688.08 698.48 690.6 697.92 701.12 700.32 712.52 730.44 765.36 726.56 709.56 714.84 699.36 686.68 684.64 673.68 663.6 646.6 647.24 648.04 652.6 632.4 626.28 627.88 617.6 595.4 621.8 655.48 645.2 690.08 666.96 616.32
-9999 -9999 -9999 -9999 -9999 -9999 -9999 -9999 -9999 -9999 -9999 -9999 -9999 -9999 -9999 -9999 -9999 -9999 -9999 -9999 -9999 530.166666666667 534.083333333333 539.56 546.92 553.086956521739 559.96 568.058823529412 577.24 587.88 595.68 601.2 609.16 620.64 637.96 648.2 649.2 654.28 660.2 662.56 679.36 684.4 690.68 713.28 705.64 705.2 723.48 721.68 739.72 737.76 734.52 764.44 720.72 697.64 672.44 665.28 650.28 654.6 652.6 652.24 684.4 695.84 677.36 651.76 632.88 660.88 681.52 621.6 633.24 632.8 592 594.36
-9999 -9999 -9999 -9999 -9999 -9999 -9999 -9999 -9999 -9999 -9999 -9999 -9999 -9999 -9999 -9999 -9999 -9999 -9999 -9999 -9999 -9999 537.5625 540.875 548.615384615385 556.157894736842 562.888888888889 575.708333333333 580.36 591.6 600 609.96 618.96 632.36 644.4 660.76 663.12 662.8 668.36 671.8 676.2 715.52 722.6 752.68 761.04 721.96 729.08 737.88 771.24 766.52 759.2 753.08 702.44 691.28 690.28 662.8 650.44 682 671.84 640 663 654.48 617.2 619.56 602.08 613.04 576.64 547.52 527.48 533.4 561.68 570.16
-9999 -9999 -9999 -9999 -9999 -9999 -9999 -9999 -9999 -9999 -9999 -9999 -9999 -9999 -9999 -9999 -9999 -9999 -9999 -9999 -9999 -9999 539.857142857143 543.15 550.95 557.44 565.04 582.52 585.6 595.48 611.76 628.64 639.56 639.12 656.12 659.32 670.08 668.44 670.72 677.84 695.24 712 720.12 733.72 740.28 741.88 746.96 739.64 745.8 768.28 771.96 760.2 716.24 725.68 703.72 665.08 664.08 637.28 612.48 618.92 616.12 615.36 592.52 594.64 586.84 583.76 574.68 532.6 505.84 483.52 477.28 555.72
-9999 -9999 -9999 -9999 -9999 -9999 -9999 -9999 -9999 -9999 -9999 -9999 -9999 -9999 -9999 -9999 -9999 -9999 -9999 -9999 -9999 -9999 -9999 545.571428571429 552.8 559.36 570.76 579.76 589.28 603.28 616.44 647.52 666.16 656.2 658.76 672.4 687.2 671.12 679.68 686 710.68 739.64 750.96 739.76 730.04 772.72 782.8 775.32 764.96 771.28 780.76 773.92 743.68 741.28 695.76 717.44 675.68 658.6 604.6 604.4 613.48 613.56 581.2 590.36 586.24 608.72 575.48 528.88 505.6 486.8 462.68 472.88
-9999 -9999 -9999 -9999 -9999 -9999 -9999 -9999 -9999 -9999 -9999 -9999 -9999 -9999 -9999 -9999 -9999 -9999 -9999 -9999 -9999 -9999 542 550.692307692308 556.458333333333 564.24 577.48 583.76 596.24 613.32 622.2 636.4 648.2 655.6 658.6 669.12 691.76 680.24 687.92 708.48 742.56 741.92 818.64 819.28 796.84 748.68 767.76 790.72 783.12 756.32 776.96 793.76 785.36 722.16 694.64 717.76 652 622 608.6 612.28 620.52 596.72 575.72 570.32 566.16 601.48 577.4 550.92 501.16 466.6 450.08 459.64
-9999 -9999 -9999 -9999 -9999 -9999 -9999 -9999 -9999 -9999 -9999 -9999 -9999 -9999 -9999 -9999 -9999 -9999 -9999 -9999 -9999 -9999 543.15 552.92 559.8 569.28 578.32 595.24 606.72 614.32 623.48 636.24 649.36 656.24 670.64 674.28 706.28 708 702.88 718.68 736.72 740.44 802.28 876.2 851.04 799.08 799.12 775.4 751.6 761.28 796.56 838.76 758.16 722.4 781.52 707.16 634.96 610.2 601.28 606.88 595.4 576.36 561.36 566.24 546.08 556.56 546.56 533.08 509.6 477.6 444.12 431.24
-9999 -9999 -9999 -9999 -9999 -9999 -9999 -9999 -9999 -9999 -9999 -9999 -9999 -9999 -9999 -9999 -9999 -9999 -9999 -9999 -9999 -9999 546.833333333333 555.52 560.56 574.68 591 596 611.72 615.92 634.36 653.72 656.32 663.72 673.08 680.92 713.28 715.88 722.44 739 734.96 736.92 758 863.24 890.44 829.64 820.36 762.28 766.08 775.04 814.8 832.72 806.96 754.84 714.64 659.16 626.08 607.96 586.76 580.92 568.6 561.6 557 549.08 531 523.772727272727 512.52 502.12 485.84 462.96 446.047619047619 422.714285714286
-9999 -9999 -9999 -9999 -9999 -9999 -9999 -9999 -9999 -9999 -9999 -9999 -9999 -9999 -9999 -9999 -9999 -9999 -9999 -9999 -9999 -9999 548.5 555.56 562.2 579 591.6 596.8 613.32 622.72 645.6 657 661.6 664.68 676.32 695.44 704.4 716.36 733.88 749.8 745.08 756.44 768.12 854.96 836.8 860.84 797.44 821.96 816.88 816.6 830.6 896.4 912.32 740.08 660.44 634.16 615.24 597.36 589.12 579.64 582.44 558.84 550.28 539.68 525.571428571429 -9999 495 479.8 464.2 447.2 -9999 -9999
-9999 -9999 -9999 -9999 -9999 -9999 -9999 -9999 -9999 -9999 -9999 -9999 -9999 -9999 -9999 -9999 -9999 -9999 -9999 -9999 -9999 -9999 -9999 557.307692307692 565.125 583.208333333333 593.52 604 610.32 623.68 637.16 650.72 661.72 679.8 691.72 705.32 712.6 716.44 727.76 745.72 752.12 777.76 755.32 799.88 859.88 848.64 787.48 822.92 858.72 799.92 843.72 834.6 776.84 728.12 696.84 644.2 624.8 607.28 592.76 588.52 578.28 565.4 555.08 539.615384615385 -9999 -9999 -9999 -9999 -9999 -9999 -9999 -9999
-9999 -9999 -9999 -9999 -9999 -9999 -9999 -9999 -9999 -9999 -9999 -9999 -9999 -9999 -9999 -9999 -9999 -9999 -9999 -9999 -9999 -9999 -9999 -9999 -9999 589.777777777778 593.3 602.52 619.52 640.4 654.76 663.36 672.88 690.92 708.76 738.52 757.8 765.24 749.16 754.24 764.48 801.52 797.28 807.6 839.64 768.84 802.48 747.32 762.28 780.48 824.4 795 764.04 700.68 699.48 665.4 652 628.56 617.56 660.48 624.6 593.12 559.227272727273 536 -9999 -9999 -9999 -9999 -9999 -9999 -9999 -9999
-9999 -9999 -9999 -9999 -9999 -9999 -9999 -9999 -9999 -9999 -9999 -9999 -9999 -9999 -9999 -9999 -9999 -9999 -9999 -9999 -9999 -9999 -9999 -9999 -9999 -9999 601.571428571429 610.04 624.08 646.76 665.48 677.8 686.04 702.72 729.64 754.88 773.4 765.36 771.28 788.44 805.68 785.64 813.4 812.4 780.08 773.24 788.88 760.2 799.04 769.16 764.6 771.16 687 691.24 749.16 681.04 685.16 624.32 591.16 599.2 585.652173913043 562.733333333333 547.75 -9999 -9999 -9999 -9999 -9999 -9999 -9999 -9999 -9999
-9999 -9999 -9999 -9999 -9999 -9999 -9999 -9999 -9999 -9999 -9999 -9999 -9999 -9999 -9999 -9999 -9999 -9999 -9999 -9999 -9999 -9999 -9999 -9999 594 601 604.25 616.5 636.48 654.32 674.44 693.4 702.68 710.48 734.84 741.4 758.16 769.92 807.84 838.4 795.96 785.64 822.84 782.52 777.6 785.2 746.08 761.64 793.6 738.76 709.2 692.12 660.36 684.4 684.16 627.84 625.08 603.68 571.04 556.4 550.571428571429 -9999 -9999 -9999 -9999 -9999 -9999 -9999 -9999 -9999 -9999 -9999
-9999 -9999 -9999 -9999 -9999 -9999 -9999 -9999 -9999 -9999 -9999 -9999 -9999 -9999 -9999 -9999 -9999 -9999 -9999 -9999 -9999 -9999 -9999 -9999 -9999 607.5 609.2 616.12 638.88 661.2 682.88 698.92 711.68 719.72 738.32 744.16 761.04 774.96 819.68 859.8 801 784.84 800.92 757.08 770.72 739.08 740.28 811.44 773.6 710.2 672.28 650.96 626.12 612.2 605.2 593.272727272727 588.055555555556 586.48 568.363636363636 554.714285714286 -9999 -9999 -9999 -9999 -9999 -9999 -9999 -9999 -9999 -9999 -9999 -9999
-9999 -9999 -9999 -9999 -9999 -9999 -9999 -9999 -9999 -9999 -9999 -9999 -9999 -9999 -9999 -9999 -9999 -9999 -9999 -9999 -9999 -9999 -9999 -9999 -9999 607 611.8125 623.16 647.32 668.6 682.36 704.6 725.6 732.2 744.44 755.44 759.92 775.6 786.96 816.4 799.48 787.48 768.56 735.72 743.56 730.64 764.04 776.04 710.68 668.92 645.904761904762 626.666666666667 618.4 -9999 -9999 -9999 -9999 -9999 -9999 -9999 -9999 -9999 -9999 -9999 -9999 -9999 -9999 -9999 -9999 -9999 -9999 -9999
-9999 -9999 -9999 -9999 -9999 -9999 -9999 -9999 -9999 -9999 -9999 -9999 -9999 -9999 -9999 -9999 -9999 -9999 -9999 -9999 -9999 -9999 -9999 -9999 -9999 -9999 621.230769230769 635.28 651.76 667.84 700.44 719 729.16 743.32 756.8 760.84 767 771.16 784.16 809.32 810.04 802.24 758.44 738.76 735.16 720 729.08 701.64 670.588235294118 656.857142857143 -9999 -9999 -9999 -9999 -9999 -9999 -9999 -9999 -9999 -9999 -9999 -9999 -9999 -9999 -9999 -9999 -9999 -9999 -9999 -9999 -9999 -9999
-9999 -9999 -9999 -9999 -9999 -9999 -9999 -9999 -9999 -9999 -9999 -9999 -9999 -9999 -9999 -9999 -9999 -9999 -9999 -9999 -9999 -9999 -9999 -9999 -9999 -9999 634 646.210526315789 663.44 684.28 706.16 725.12 746 750.88 756.44 766.12 777.36 784.8 798.52 818.36 810.64 799.16 770.96 747.72 739.28 717.64 716.6 688.571428571429 -9999 -9999 -9999 -9999 -9999 -9999 -9999 -9999 -9999 -9999 -9999 -9999 -9999 -9999 -9999 -9999 -9999 -9999 -9999 -9999 -9999 -9999 -9999 -9999
-9999 -9999 -9999 -9999 -9999 -9999 -9999 -9999 -9999 -9999 -9999 -9999 -9999 -9999 -9999 -9999 -9999 -9999 -9999 -9999 -9999 -9999 -9999 -9999 -9999 -9999 -9999 660.111111111111 675.28 701.08 710.56 723.2 745.56 764.96 777.04 777.2 810 820.96 816.56 824.44 824.72 798.36 774.64 750.32 737.72 718.64 711.5 692 -9999 -9999 -9999 -9999 -9999 -9999 -9999 -9999 -9999 -9999 -9999 -9999 -9999 -9999 -9999 -9999 -9999 -9999 -9999 -9999 -9999 -9999 -9999 -9999
-9999 -9999 -9999 -9999 -9999 -9999 -9999 -9999 -9999 -9999 -9999 -9999 -9999 -9999 -9999 -9999 -9999 -9999 -9999 -9999 -9999 -9999 -9999 -9999 -9999 -9999 -9999 -9999 684.818181818182 697.32 726 745.76 752.28 762.52 773.8 792.72 814.28 828.04 831.8 825.8 823.72 803.56 779.84 763.2 745.16 719.04 711.714285714286 -9999 -9999 -9999 -9999 -9999 -9999 -9999 -9999 -9999 -9999 -9999 -9999 -9999 -9999 -9999 -9999 -9999 -9999 -9999 -9999 -9999 -9999 -9999 -9999 -9999
