inst/external/temperature.asc
NCOLS 124 
NROWS 71 
XLLCORNER 100975.311332809 
YLLCORNER 3988829.71757999 
CELLSIZE 4219.2230169468 
NODATA_value -9999 
[rows 0 to 31 of 71, columns 0 to 71 of 124]
-9999.000000000000000 -9999 -9999 -9999 -9999 -9999 -9999 -9999 -9999 -9999 -9999 -9999 -9999 -9999 -9999 -9999 -9999 -9999 -9999 -9999 -9999 -9999 -9999 -9999 -9999 -9999 -9999 -9999 -9999 -9999 -9999 -9999 -9999 -9999 -9999 -9999 -9999 -9999 -9999 -9999 -9999 -9999 -9999 -9999 -9999 -9999 -9999 -9999 -9999 155.625 158.6 162.473684210526 162.48 158.428571428571 -9999 -9999 -9999 -9999 -9999 -9999 -9999 -9999 -9999 -9999 -9999 -9999 -9999 -9999 -9999 -9999 -9999 -9999
-9999 -9999 -9999 -9999 -9999 -9999 -9999 -9999 -9999 -9999 -9999 -9999 -9999 -9999 -9999 -9999 -9999 -9999 -9999 -9999 -9999 -9999 -9999 -9999 -9999 -9999 -9999 -9999 -9999 -9999 -9999 -9999 -9999 -9999 -9999 -9999 -9999 -9999 -9999 -9999 -9999 -9999 -9999 -9999 -9999 -9999 -9999 -9999 162.5 162.470588235294 161.76 161.8 159.44 155.64 157.904761904762 161.954545454545 -9999 -9999 -9999 -9999 -9999 -9999 -9999 -9999 -9999 -9999 -9999 -9999 -9999 -9999 -9999 -9999
-9999 -9999 -9999 -9999 -9999 -9999 -9999 -9999 -9999 -9999 -9999 -9999 -9999 -9999 -9999 -9999 -9999 -9999 -9999 -9999 -9999 -9999 -9999 -9999 -9999 -9999 -9999 -9999 -9999 -9999 -9999 -9999 -9999 -9999 -9999 -9999 -9999 -9999 -9999 -9999 -9999 -9999 -9999 -9999 -9999 -9999 -9999 161.2 160.863636363636 159.92 160.32 161.72 159.76 155.84 152.12 159 162 -9999 -9999 -9999 -9999 -9999 -9999 -9999 -9999 -9999 -9999 -9999 -9999 -9999 -9999 -9999
-9999 -9999 -9999 -9999 -9999 -9999 -9999 -9999 -9999 -9999 -9999 -9999 -9999 -9999 -9999 -9999 -9999 -9999 -9999 -9999 -9999 -9999 -9999 -9999 -9999 -9999 -9999 -9999 -9999 -9999 -9999 -9999 -9999 -9999 -9999 -9999 -9999 -9999 -9999 -9999 -9999 -9999 -9999 -9999 -9999 159 160.333333333333 160.333333333333 159.04 159.08 158.16 161.24 160.2 158.44 155.84 157.32 160.666666666667 161.7 161 -9999 -9999 -9999 -9999 -9999 -9999 -9999 -9999 -9999 -9999 -9999 -9999 -9999
-9999 -9999 -9999 -9999 -9999 -9999 -9999 -9999 -9999 -9999 -9999 -9999 -9999 -9999 -9999 -9999 -9999 -9999 -9999 -9999 -9999 -9999 -9999 -9999 -9999 -9999 -9999 -9999 -9999 -9999 -9999 -9999 -9999 -9999 -9999 -9999 -9999 -9999 -9999 -9999 -9999 -9999 -9999 -9999 159 159.4 159.6 157.64 157.32 158.08 156.88 157.28 157.92 157.68 157.84 159.92 159.96 160 159.44 159.230769230769 160.5 -9999 -9999 -9999 -9999 -9999 -9999 -9999 -9999 -9999 -9999 -9999
-9999 -9999 -9999 -9999 -9999 -9999 -9999 -9999 -9999 -9999 -9999 -9999 -9999 -9999 -9999 -9999 -9999 -9999 -9999 -9999 -9999 -9999 -9999 -9999 -9999 -9999 -9999 -9999 -9999 -9999 -9999 -9999 -9999 -9999 -9999 -9999 -9999 -9999 -9999 -9999 -9999 -9999 -9999 158 157.6 157.84 158.28 157.44 156.76 156.44 156.4 156.32 157.48 158.16 156.72 156.48 157.64 157.76 159.28 158.84 158.5 -9999 -9999 -9999 -9999 -9999 -9999 -9999 -9999 -9999 -9999 -9999
-9999 -9999 -9999 -9999 -9999 -9999 -9999 -9999 -9999 -9999 -9999 -9999 -9999 -9999 -9999 -9999 -9999 -9999 -9999 -9999 -9999 -9999 -9999 -9999 -9999 -9999 -9999 -9999 -9999 -9999 -9999 -9999 -9999 -9999 -9999 -9999 -9999 -9999 -9999 -9999 -9999 156 157.375 156.65 155.08 153.76 156.44 157.92 155.92 155.04 155 155.56 157.32 156.68 155.36 155.44 154.8 154.88 156.6 156.08 156.76 157.55 156.833333333333 -9999 -9999 -9999 -9999 -9999 -9999 -9999 -9999 -9999
-9999 -9999 -9999 -9999 -9999 -9999 -9999 -9999 -9999 -9999 -9999 -9999 -9999 -9999 -9999 -9999 -9999 -9999 -9999 -9999 -9999 -9999 -9999 -9999 -9999 -9999 -9999 -9999 -9999 -9999 -9999 -9999 -9999 -9999 -9999 -9999 -9999 -9999 -9999 -9999 -9999 156.153846153846 155.64 152.88 154.24 153.96 153.6 155.64 155.48 154.36 153.64 155.8 157.64 155.28 154.52 154.04 153.52 153.44 155.72 153.96 155.16 155.2 155.08 156 154 -9999 -9999 -9999 -9999 -9999 -9999 -9999
-9999 -9999 -9999 -9999 -9999 -9999 -9999 -9999 -9999 -9999 -9999 -9999 -9999 -9999 -9999 -9999 -9999 -9999 -9999 -9999 -9999 -9999 -9999 -9999 -9999 -9999 -9999 -9999 -9999 -9999 -9999 -9999 -9999 -9999 -9999 -9999 -9999 -9999 -9999 -9999 -9999 155.166666666667 154.2 154.6 152.84 153.4 154.48 154.04 153.64 153.32 153.04 154.72 155.04 154.6 154.2 152.68 152.16 153.16 152.52 153.12 154.44 151.88 152.56 154.16 154.428571428571 154.5 -9999 -9999 150 143 -9999 -9999
-9999 -9999 -9999 -9999 -9999 -9999 -9999 -9999 -9999 -9999 -9999 -9999 -9999 -9999 -9999 -9999 -9999 -9999 -9999 -9999 -9999 -9999 -9999 -9999 -9999 -9999 -9999 -9999 -9999 -9999 -9999 -9999 -9999 -9999 -9999 -9999 -9999 -9999 -9999 -9999 -9999 154.857142857143 153.72 153.04 153.68 155.08 154.6 152.8 150.2 150.32 152.36 153.24 152.68 152.88 152.44 152.4 151.48 151.52 152.08 152.72 152.76 150.52 150.84 153.12 153.84 153.363636363636 153.545454545455 156 153.421052631579 146.04 148.7 151
-9999 -9999 -9999 -9999 -9999 -9999 -9999 -9999 -9999 -9999 -9999 -9999 -9999 -9999 -9999 -9999 -9999 -9999 -9999 -9999 -9999 -9999 -9999 -9999 -9999 -9999 -9999 -9999 -9999 -9999 -9999 -9999 -9999 -9999 -9999 -9999 -9999 -9999 -9999 -9999 -9999 154.583333333333 152.92 151.96 154.48 155.84 155.96 153.32 152 153.08 150.68 149.8 151.44 153.6 153.2 152.68 149.72 150.2 151.56 151.08 150.28 149.08 149.68 152 152.12 151.04 152.6 155.260869565217 158.652173913043 159.68 157.4 154.28
-9999 -9999 -9999 -9999 -9999 -9999 -9999 -9999 -9999 -9999 -9999 -9999 -9999 -9999 -9999 -9999 -9999 -9999 -9999 -9999 -9999 -9999 -9999 -9999 -9999 -9999 -9999 -9999 -9999 -9999 -9999 -9999 -9999 -9999 -9999 -9999 -9999 -9999 -9999 -9999 -9999 154.5 152.76 154.08 156.16 157.16 157.52 157.6 156.36 155.8 150.48 145.32 146.24 152.04 155.12 154.84 151 150.24 151.64 152 150.72 151.72 149.8 149.32 148.36 148.92 149.6 149 151.68 159.12 155.04 152.04
-9999 -9999 -9999 -9999 -9999 -9999 -9999 -9999 -9999 -9999 -9999 -9999 164 162.2 156 -9999 -9999 -9999 -9999 -9999 -9999 -9999 -9999 -9999 -9999 -9999 -9999 -9999 -9999 -9999 -9999 -9999 -9999 -9999 -9999 -9999 -9999 -9999 -9999 -9999 -9999 -9999 151.470588235294 152.24 154.68 155.36 151.52 153.84 158.52 158.92 154.56 149.2 148.44 148.12 151.64 157.8 157.32 152.16 151.16 152.72 150.48 154.04 152.96 149.44 149.4 149.12 150.64 149.8 153.36 161.72 150.96 153.04
-9999 -9999 -9999 -9999 -9999 -9999 -9999 -9999 -9999 -9999 -9999 -9999 165.25 160.24 156.304347826087 153.8125 -9999 -9999 -9999 -9999 -9999 -9999 -9999 -9999 -9999 -9999 -9999 -9999 -9999 -9999 -9999 -9999 -9999 -9999 -9999 -9999 159 159.285714285714 161 -9999 -9999 162.5 155 151.64 151.76 150.12 149.72 152.64 155.72 155.4 158.52 158.12 152.12 151.64 147.68 153.12 159.4 158.96 156 152.76 150.36 150.88 155.48 151 151.36 154.12 152.6 150 152.88 165.4 157.08 156.76
-9999 -9999 -9999 -9999 -9999 -9999 -9999 -9999 -9999 -9999 -9999 -9999 164.222222222222 163.88 160 158.6 -9999 -9999 -9999 -9999 -9999 -9999 -9999 -9999 -9999 -9999 -9999 -9999 -9999 -9999 -9999 -9999 -9999 -9999 151.666666666667 154.590909090909 156.52 157.6 159.375 -9999 -9999 164.666666666667 161.08 158.44 156.52 149.76 152.52 150.16 148.04 149.64 151.36 157.08 157.72 153.16 154.76 156.8 154.52 159.44 162 156.56 155.4 155.32 156.8 157.8 157 162.44 156.88 153.48 153.2 159.16 165.84 161.44
-9999 -9999 -9999 -9999 -9999 -9999 -9999 -9999 -9999 -9999 -9999 159.75 159.6 161.32 163.4 159.04 157.411764705882 157.266666666667 156 153.75 -9999 -9999 -9999 -9999 -9999 -9999 -9999 -9999 -9999 -9999 -9999 -9999 -9999 157 149.55 147.48 153.52 154.736842105263 156 158.25 160.380952380952 156.32 163.68 160.88 163.36 155.24 157.88 155.16 149.68 150.4 149.56 153.28 156.92 161.48 158 156.48 159.32 158.44 163.16 155.8 156.2 158.36 160.16 163.28 168.84 165.52 163.08 160.88 159.44 161.92 169.16 168.64
-9999 -9999 -9999 -9999 -9999 -9999 -9999 -9999 164 160.25 -9999 157.5 156.2 159.08 160.12 163.12 156.2 152.24 150.88 150.272727272727 -9999 -9999 142.5 139.5 132 -9999 -9999 -9999 -9999 -9999 -9999 -9999 -9999 161.5 160.04 153.36 148.52 149.913043478261 153.25 156.708333333333 160.16 161.88 165.36 158.24 166.68 161.92 158.6 160.04 157.2 157.16 153.88 148.84 153.04 158.6 160.8 157.44 161.84 162.16 166.2 167.16 160.8 161.76 160.72 166.16 171.68 170.4 170.8 169.28 169.92 171.56 164.24 166.28
-9999 -9999 -9999 -9999 -9999 -9999 162.75 161 158.6 158.24 158.266666666667 155 152.32 151.64 154.68 161.52 160.08 154.84 149.76 144.08 149.428571428571 154.9 147.384615384615 147.4 140.65 -9999 -9999 -9999 -9999 -9999 -9999 -9999 -9999 163.833333333333 161.4 161.12 155.08 149.36 148.12 152.64 154.72 161.28 163.64 166.48 168.32 166.56 162 160.16 162.72 161.76 155.2 150.4 150.92 151.92 159.04 159.96 156.6 161.64 164.88 172.32 169.2 165.52 166.44 170 174.2 173.4 173.08 172.92 174.96 174.96 174.64 175.76
-9999 -9999 -9999 -9999 -9999 -9999 166.130434782609 166.36 165.44 165.2 165.64 165.32 161.36 155.84 149.48 151.32 159.76 157.92 153 153.28 155.28 157.96 158.72 153.16 153.333333333333 152.25 -9999 -9999 -9999 149 156.75 154.25 163 163.823529411765 156.24 156 158.92 154.44 150.52 153.24 152.04 152.52 156.24 163.16 166.16 170.16 166.44 166.72 163.24 158.16 154.48 156.44 158.6 157.2 156.52 160.64 157.88 160.36 165.32 171.16 167.52 170.8 173 174.8 176.28 175.68 175.44 175.28 177.4 177.4 177.92 178.28
-9999 -9999 -9999 -9999 -9999 168.5 168.44 167 165.6 163.16 162.28 159.68 158.64 157.36 150.4 153.48 154.68 149.08 150.16 157.76 159.96 161.28 160.72 157.24 156.56 151.36 155.88 159.066666666667 160.083333333333 156.045454545455 149.08 150.68 158.24 165.56 158.28 154.8 152 155.24 156.2 152.84 151.08 150.92 153.52 156 157.88 164.32 171.24 168.96 167.24 161.8 160.44 161.28 161.84 163.52 163.88 163.24 162.4 160.04 167.08 174.12 176.08 174.32 173.8 177.76 179.36 176.44 177.84 179.48 178.24 177.04 176.64 177.24
-9999 -9999 -9999 -9999 -9999 167.846153846154 167.24 164.56 161.64 160.72 160.64 161.2 156.68 154.84 148.48 149.36 151.96 147.52 145.64 146 150.76 156.56 164.44 162.48 159.08 154.12 152.2 158.16 160.76 158.48 155.72 154.44 160.32 166.4 160.76 154.52 155.32 155.68 160.6 152.44 147.56 151.8 157.96 162.04 160.88 160.8 163.56 168.24 167.2 163 160.64 158.64 166.6 167.96 165.04 165.48 159.8 167.2 171.72 173.44 176.76 178.68 178.96 179.68 179.36 176.6 175.24 176.24 178.12 175.16 173.64 173.68
-9999 -9999 -9999 -9999 170 167.238095238095 164.88 161.76 159.88 154.36 155.16 157.04 156.32 151.12 154.28 150.8 150.56 147.84 149.88 153.24 150.52 151.24 155.88 164.48 164.96 163.52 160.52 158.76 160.44 160.84 159.48 162.68 166.36 166.04 162.72 159.44 160.52 160.08 154.76 153.48 151.04 154.2 157.84 164.12 166.28 165.52 165.36 164.56 171.88 168.4 165.4 165.52 168.48 167.08 165.4 164.24 169.16 175.72 177.6 179.16 179.32 178.92 177.64 178.56 178.12 174.44 173.6 174.48 175.12 176.52 172.6 172
-9999 -9999 -9999 169 167.647058823529 166.32 164 159.4 157.24 157.32 160.96 160.36 157.44 156.68 161.76 158.6 161.28 160.68 160.64 155.16 156.48 156.16 152.16 153.96 161.96 167.16 164.96 159.96 162.68 162.4 161.64 163.84 170.12 170.64 163.2 162.84 161.44 165.08 159.68 157.8 157.36 160.28 160.24 163.76 172.08 172.4 168.52 169.04 173.6 173 171.96 172.48 174.8 170.28 174.32 175.88 178.64 179.12 179.32 178.2 176.36 175.84 176.68 176.56 174.4 172.16 173.64 172.68 173.6 175.52 171.88 172.12
-9999 -9999 168.75 167.909090909091 167.4 166.72 165.08 164.48 164.88 165.24 165.4 164.8 163.52 162.56 166.04 163.64 163.68 161.2 164.48 162.2 162.6 159.88 156.48 161.2 165.36 168.72 166.68 161.12 161.48 163.52 163.72 165.28 171.92 178.88 168.32 164.8 166.12 168.12 167.4 165.32 164.36 165.36 163.8 165.2 168.68 171.36 171.8 174.16 175 173.32 175.84 176.28 176.36 178.48 179.76 179.76 179.36 177.24 175.76 174.6 173.28 175.16 174.24 174.48 175.04 173.28 172.92 172.32 174.56 175.44 174.24 173.52
-9999 -9999 169.173913043478 167.76 168.96 168 167.56 167.28 166.76 166.32 165.92 167.64 165.72 163.96 168.04 168.8 167.36 165.32 164.12 158.84 156.12 159.16 158.36 159.8 161 163.16 170.08 165.92 163.52 165.12 159.48 163.52 167.52 175.4 177.56 167.24 168.16 166.84 170.12 167.88 166.72 169.28 172.48 174.56 173.96 172.88 173.36 178.4 179.88 179.68 179.92 179.88 179.72 179 177.04 176.16 177.4 178.36 176.84 174.76 172.72 173.24 173.68 173.88 174 172.4 172.44 173.36 174.76 174.96 174.36 173.36
-9999 170.8 168.12 168.76 170.08 169.88 169.12 168.64 167.44 167.52 170.48 170.44 168.6 168.52 169.32 171.44 167.08 166.28 166.84 161.64 158.56 162.24 160.96 159.28 163.24 166.76 169.84 170.36 167.04 169.28 167.52 166.16 167.28 171.6 180.4 174.04 172.32 171.52 170.28 167.88 166.4 169.88 173.56 173.8 172 174.24 178.28 179.48 180.76 179.68 178.72 177.68 178.32 177 175.52 173.36 173 174.84 175.04 176.96 175.12 175.08 175.4 176.24 174.16 167.76 171.08 174.36 175.04 172.6 172.76 172.04
-9999 170.727272727273 169.92 171.24 170.16 168.56 168.56 168.36 167 168.24 171.64 172 171.16 168.24 171.52 170.92 167.48 164.32 161.12 161.76 165.56 167.28 162.52 162.4 163.52 166 166.92 171.2 171.04 169.76 170.68 170.12 169.08 170.92 179.32 180.56 177.16 176.44 176.24 171.44 171.72 173.88 179 180.2 180.32 180.2 180.64 181 179.36 178.08 177.2 176.68 176.76 177.04 175 173.48 172.88 171.96 172.04 176.16 177.28 177.12 176.48 174.84 174.44 171.84 170.96 172.44 173.84 172.96 171.84 170.92
172 171.4 172 171.12 169.8 169 168.04 167.52 167.16 170.04 173 173.48 170.28 166.52 170.88 170.52 167.84 165.36 164.08 166.04 169.36 167.36 163.72 163.2 167.6 164.72 168.56 170.72 172.24 174.56 174.2 171.88 168.6 169.84 172.16 181.88 180.48 180.48 178.04 175.28 177.12 180.4 182.16 181.68 181.88 181 180.48 179.68 178.92 177.04 176.36 175.84 175.4 176.12 175.2 173.36 171.84 170.76 173.68 175.8 177.08 175.32 172.08 175.44 175 170.92 171.28 173.36 173.36 170.12 167.36 167.52
170.466666666667 169.28 168.6 168.4 169.16 166.96 166.28 166.84 165.84 168.32 171.28 173.32 169.48 171.08 173 167.92 165.88 165.68 164.48 165.96 170.56 168.04 164.04 165.36 168.16 170.4 171.56 172.92 170.96 172.36 177.04 174.96 172.64 176.2 178.64 182.68 182.52 183.24 182.32 180.6 181.52 182.48 181.68 180.36 179.68 179.28 177.92 177.04 178.92 178.96 176.6 175.4 175 174.64 173.72 171.64 171.68 173.44 170.08 172.96 176.36 174.32 171.4 169.12 170.4 173.96 171.68 168.56 169.96 170.72 168.52 165.8
169.842105263158 165.64 166.24 165.88 166.8 166.52 167.52 169.12 169.52 170.6 171.64 174.24 171.12 174.12 173 167.8 167.44 169.92 165.68 170.04 170.64 165.36 163.2 168.2 169.96 172.72 174.32 174.52 175.08 176.2 179.88 180.28 181.4 183.28 184.12 184 183.96 183.04 182.96 182.8 181.88 180.48 179.52 179.8 178.56 178.08 178.64 176.96 176.36 177.16 179.12 176.64 174.52 173.76 173.56 173.52 174.48 175.08 170.92 170.88 173.08 172.84 171.08 165.92 167.2 167.4 168.4 165.72 167.08 169.92 168.2 166.24
171 171.08 170.32 168.04 165.36 165.32 167.24 169.76 171.52 172.44 172.76 174 174.04 172.6 170.64 168.32 168.36 168.92 169.32 171.64 168.32 166.72 167.24 168.08 171.88 176.24 176.28 177.6 178.52 180.68 183.48 183.52 183.72 184.96 184.08 183.76 183.04 181.8 180.88 180.76 180.28 179.24 178.32 178.24 176.84 175.96 177.44 176.16 175.16 175.16 176.92 177.48 175.16 174.24 176.4 176.88 175.72 176.24 174.96 171.4 169.76 167.2 162.8 160.64 163.28 163.8 159.16 165 164.88 168.36 169.52 162.4
-9999 172.739130434783 170.28 168 167.72 168.84 168.96 169.8 172.48 174.12 174.28 174.92 173.52 170.84 170.56 171.52 170.92 170.32 170.84 172.64 173.24 172.08 172.88 173.76 176 178.24 179.44 181.28 182.24 183.64 184.36 184.88 184.84 184.72 183.76 182.68 181.68 180.56 179.52 178.44 180.56 178.04 176.36 176.36 176.04 176 177.2 176.04 175.08 174.76 175.96 178 177.76 177.48 177.4 176.64 174.4 173.56 173.32 172.04 172.12 168.4 163.32 160.88 161.2 158.08 150.6 149.92 157.2 162.12 167.36 166.4
