inst/external/temperature.asc
NCOLS 124 
NROWS 71 
XLLCORNER 100975.311332809 
YLLCORNER 3988829.71757999 
CELLSIZE 4219.2230169468 
NODATA_value -9999 
[rows 32 to 63 of 71, columns 0 to 71 of 124]
-9999 171.470588235294 169.2 167.96 169.72 171.04 171.2 170.24 171.68 173.56 173.44 175.52 173.48 173.16 173.56 173.48 173.68 174 174.28 175.76 175.44 174.56 175.6 178.16 179.8 180.48 180.68 182.08 181.24 183.16 184.64 185.92 185.44 184.32 183.68 182.28 181.08 179.52 177.2 177.2 180.76 178 176.36 176.24 175.52 175.4 176.6 175.36 173.84 173.8 177.16 177.96 177.56 177.04 177.52 176.52 175.08 173.68 172.8 170.32 168.84 170.6 167.52 166.44 163 144.44 135.96 141.4 147.36 162.96 160.84 164
-9999 172.181818181818 171.48 169.72 171.68 172.08 170.36 171.68 171.24 172.88 175.44 176.36 175.56 175.32 175.36 175.36 176.04 176.56 177.76 177.88 177.64 176.68 174.8 177.04 180 181.12 181.2 180.96 177.96 180.4 183.32 186 185.56 184.52 183.68 182.12 180.16 177.72 175.64 179.32 180.72 180.24 179.52 178.68 176.96 176.68 176.72 176.08 172.52 171.96 175.52 176.28 177.16 175.72 176.32 176.52 174.8 173.32 170.72 168.92 168.88 169.04 168.64 166.76 163.52 149.68 145.88 156.52 162.28 160.52 149.84 160.16
-9999 172.8 170.56 170.28 171.48 173.08 171.92 173.28 171.52 174.6 176.68 177.52 177.2 176.72 176.92 177.72 177.24 177.96 177.72 175.6 175.16 174.76 174.64 176.84 178.28 180 182.04 178.2 176.96 179.48 180.6 186 185.36 184.52 183.44 181.48 178.64 176.92 179.2 180.48 179.64 179.64 179.76 179 178.28 176.92 176.44 176.6 175.76 175.48 176.28 176.44 176.04 175.84 175.24 176.28 175.68 174.04 171.08 170.64 169.4 167.84 165.4 161.84 160.92 151.64 150.36 152 153.92 155.88 154.12 150.16
-9999 172.9 172.6 171.44 172.36 174.04 175 175.28 173.88 175.32 177.28 178.478260869565 178.08 178 178.48 178.8 179.08 176.16 174.36 174.52 174.84 174.64 175.6 176.44 178.12 178.8 181.84 178.44 178.88 180.72 181.44 185.68 185.04 184.08 182.64 179.72 178.2 180 180.84 180.56 179.68 178.8 178.24 178.52 178.12 178.24 176.92 176.76 176.6 176.32 175.56 174.44 175.12 173.72 173.4 173.76 173.04 174.96 170.56 172.12 171.4 169.76 165.16 159.24 156.92 158.48 156.48 146.04 132.84 150.08 138.6 145.32
-9999 175.428571428571 173.56 173.92 173.88 174.6 176.2 176.4 175.52 176.32 177.44 178.388888888889 178.2 178.9 177.84 177.44 175.76 174.52 175.56 176 176.88 175.76 176.32 177.28 177.96 179.92 180.88 179.92 180.88 181.88 183.16 185 183.6 181.28 181.68 180.8 180.64 181 180.64 180.08 179.68 178.84 177.64 177.8 177.28 177.6 176.68 175.96 176.04 176.04 175.72 173.84 173.68 173.32 171.2 170.56 170.84 172.48 172.56 172.96 170.16 169.68 166.4 162.88 163.12 163.32 150.16 145 146.24 151.72 149.72 143.44
-9999 175.75 174.88 174.24 175.24 174.88 176.478260869565 176.565217391304 175.24 176.32 177.764705882353 177.933333333333 178.666666666667 177.318181818182 176.12 175.48 175.2 175.16 175.76 177.12 177.68 177.24 177.48 178.36 179.52 180.72 181.28 181.12 181.52 182.64 183.8 183.96 182.92 181.6 180.6 181.4 180.88 180.32 179.92 179.16 178.8 178.52 177.32 176.32 175.72 176.64 176.24 175.36 175.16 175.44 174.84 173.12 172.4 170.28 165.48 164.2 168.56 170.28 168.16 172.4 167.48 166.12 167.68 166.92 165.04 159.92 158.4 154.32 153.48 157.16 147.4 145.6
-9999 175.5 175.96 176 176 175.6 176.75 176.875 176.4 176.923076923077 178 178 178.052631578947 177.24 176.92 176.56 176.36 176.08 176.32 176.96 177.88 178.52 179.04 179.2 180.08 180.96 181.6 181.16 181.96 182.88 183.24 183.08 181.92 181.16 180.48 179.76 180 179.8 179.16 178.92 177.84 177.32 176.08 175.24 174.44 175.84 174.56 174.84 174.16 174.08 171.96 170.68 171.56 167.6 157.6 154.12 163.96 167.48 166.44 169.2 168 168.28 165.84 166.76 168.56 165.36 165.96 159.8 152.12 157.76 149.24 149.64
-9999 -9999 176 -9999 -9999 -9999 -9999 -9999 -9999 -9999 178 178 178 177.16 176.6 176.64 177.24 177.4 177.76 177.92 178.36 179.16 179.52 180 180.36 180.96 181.76 181.68 182.16 182.36 182.64 182.32 181.88 181.12 180.6 179.56 178.88 178.68 178.24 178.4 177.64 177.04 176 174.32 173.48 173.8 174.36 173.24 171.76 172.08 170.28 169.12 169.52 167.48 163.08 158.6 161.88 166.04 164.92 166.56 166.8 165.76 167.24 168.48 158.8 151.44 157.88 160.84 161.44 159.56 148.96 154.28
-9999 -9999 -9999 -9999 -9999 -9999 -9999 -9999 -9999 -9999 -9999 -9999 -9999 177.818181818182 176.521739130435 176.16 176.44 177.52 178.32 179 179.6 179.84 180 180.16 180.64 181 181.04 181 181.44 181.96 181.76 182.08 181.96 181.16 180.8 179.84 178.64 177.88 177.52 177.28 176.84 175.92 174.92 173.6 171 169.76 172.88 170.12 170.52 168.96 164.44 164.28 166.12 166.4 163.28 160.44 163.96 164.4 163.68 161.72 163.08 163.12 162.8 163.36 157.96 149.92 153.04 152.84 156.72 160.44 150.48 155.72
-9999 -9999 -9999 -9999 -9999 -9999 -9999 -9999 -9999 -9999 -9999 -9999 -9999 -9999 -9999 176.583333333333 176.208333333333 176.48 177.44 178.52 179.16 179.92 180.08 180.44 180.24 180.24 180.52 180.96 180.92 181 180.92 181.08 180.88 181.12 180.52 179.6 178.72 177.28 176.24 176.28 176.08 175.04 173.28 171.04 167.16 168.44 169.88 165.92 165.2 161.88 157.84 161.92 166 164.12 160.32 158.36 163.08 163.76 164.4 160.84 161 163.4 161.04 156.76 153.2 147.2 150.2 153.28 155.72 157.52 156.2 160.64
-9999 -9999 -9999 -9999 -9999 -9999 -9999 -9999 -9999 -9999 -9999 -9999 -9999 -9999 -9999 -9999 177 176.947368421053 177.12 178.04 178.4 179.08 179.76 180.04 180 180.16 180.08 180.12 180.08 180.2 180.12 180.04 180.16 180.08 179.8 178.96 178.12 176.96 175.92 175.28 174.52 173.52 171.2 169.12 166.64 164.64 163.96 164.96 165.56 159.36 158.96 162.12 165.84 162.72 160.52 161.2 163.32 165 163.8 162.4 163.28 164.76 160.92 156.08 157.32 152.64 150.8 148.84 153.32 138.92 138.08 148.92
-9999 -9999 -9999 -9999 -9999 -9999 -9999 -9999 -9999 -9999 -9999 -9999 -9999 -9999 -9999 -9999 -9999 -9999 177.9 177.708333333333 178 178.64 179.48 179.32 179.72 179.56 179.72 179.72 179.666666666667 179.590909090909 179.56 179.52 179.64 179.4 178.96 178.4 177.36 176.6 175.36 173.6 172.72 171.24 169.2 170.08 165.52 163.52 162.24 158.2 161.96 162.52 157.92 159.88 159.56 157.52 158.36 161 162.88 164.48 164.6 163.8 165.8 165.12 163.04 160.2 160.24 151.68 150.4 145.44 142.64 124.24 117 127.68
-9999 -9999 -9999 -9999 -9999 -9999 -9999 -9999 -9999 -9999 -9999 -9999 -9999 -9999 -9999 -9999 -9999 -9999 -9999 178 178.272727272727 178.88 179 179 179.04 179 179 178.916666666667 178.789473684211 178.8 178.84 178.8 178.64 178.6 178 176.8 175.88 176 175.56 174.48 171.4 170.72 169.04 166.92 163.52 162.76 162.16 160.6 155.84 161.48 159.28 156.08 155.96 156.16 158.6 162.36 162.72 164.72 166.6 165.6 163.68 164.68 162.64 153.76 151.72 149.12 149.76 141.52 132.56 114.64 120 130.04
-9999 -9999 -9999 -9999 -9999 -9999 -9999 -9999 -9999 -9999 -9999 -9999 -9999 -9999 -9999 -9999 -9999 -9999 -9999 -9999 179 178.826086956522 179 179 179 178.96 178.36 178.235294117647 178.04 177.96 177.92 177.72 177 176.8 175.76 173.72 174.64 175.32 174.16 173.64 167.08 165.2 167.04 165.72 165.12 165.12 162.32 157.64 148.04 156.6 159.76 157.2 159.84 161.72 160.56 161.6 162.04 164.84 161.88 158.4 153.84 156.76 155.04 151.28 151.12 153.48 144.76 135.4 135.08 125.2 127.88 134.8
-9999 -9999 -9999 -9999 -9999 -9999 -9999 -9999 -9999 -9999 -9999 -9999 -9999 -9999 -9999 -9999 -9999 -9999 -9999 -9999 -9999 178.5 178.75 178.64 178.6 178.173913043478 177.96 177.941176470588 177.4 176.64 176.52 176.68 176.56 175.44 173.12 172.36 172.88 172.6 171.92 172.2 169.24 168.68 167.76 163.28 165 164.88 160.32 160.2 154.84 154.12 153.52 144.08 153.96 158.56 163.68 164.08 166.08 162.24 159.76 156.92 145.28 139.88 141.92 145 146.56 138.4 132.08 141.68 137.08 135.32 140.64 138.32
-9999 -9999 -9999 -9999 -9999 -9999 -9999 -9999 -9999 -9999 -9999 -9999 -9999 -9999 -9999 -9999 -9999 -9999 -9999 -9999 -9999 -9999 178 178.208333333333 178 177.947368421053 177.388888888889 176.25 176.68 175.92 175.4 175.28 174.96 173.44 172.76 170.68 170.92 171.88 171.36 171.2 171.04 163.52 162.44 155.76 153.52 161.84 159.6 156.52 147.08 147.12 147.24 147.56 159.24 160.2 158.56 164.48 165.96 153.92 154.4 160.48 150.56 149.8 157.2 152.64 154.44 148.16 154.4 159 160.84 156.08 146.76 142.56
-9999 -9999 -9999 -9999 -9999 -9999 -9999 -9999 -9999 -9999 -9999 -9999 -9999 -9999 -9999 -9999 -9999 -9999 -9999 -9999 -9999 -9999 178 178.05 177.9 177.48 177 175.08 175.68 175.24 173.52 172 171.6 172.84 171.08 171.6 170.68 172 172.32 171.4 168.24 165.36 163.72 160.52 158.96 157.96 155.92 156.68 153.96 146.84 144.16 145.64 155.44 150.72 154.64 163.6 161.48 167.52 172.96 167.04 164.68 161.08 165.16 159.84 158.36 155.32 154.2 163.48 168.16 171.48 168.48 146.24
-9999 -9999 -9999 -9999 -9999 -9999 -9999 -9999 -9999 -9999 -9999 -9999 -9999 -9999 -9999 -9999 -9999 -9999 -9999 -9999 -9999 -9999 -9999 177.714285714286 177.933333333333 177.2 176.28 175.56 175.08 173.88 172.96 169.36 167.8 170.64 171.56 170.4 168.56 172.28 171.52 170.8 166.4 160.68 158.16 160.32 161.92 151.28 147.8 148.32 149.4 146.44 142.24 142.28 148.12 146.52 156.84 148.68 157.52 160.32 175.48 172.36 165.12 161.36 169.04 160.72 158.16 148.24 153.76 164.12 168.24 169.68 174.12 165
-9999 -9999 -9999 -9999 -9999 -9999 -9999 -9999 -9999 -9999 -9999 -9999 -9999 -9999 -9999 -9999 -9999 -9999 -9999 -9999 -9999 -9999 178 177 176.916666666667 176.56 175.24 175.32 173.96 172.36 172.12 171.64 171.32 171.68 172.28 171.52 168.88 171.8 171.16 167.8 161.24 161.36 143.92 143.12 147.52 157.76 152.16 145.12 145.48 150.44 143.28 137.68 137.88 151.68 156.68 148.4 164.6 171.84 173.84 168.84 162.04 167.04 170.92 168 165 149.8 152.48 156.6 169 177.4 178.72 169.72
-9999 -9999 -9999 -9999 -9999 -9999 -9999 -9999 -9999 -9999 -9999 -9999 -9999 -9999 -9999 -9999 -9999 -9999 -9999 -9999 -9999 -9999 177.9 176.72 176.36 176 175.6 173.72 172.84 172.48 172.28 172.2 171.72 172.28 171.36 171.96 167.52 168.12 169.48 166.92 163.64 162.8 148.56 131.44 136.12 146.4 144.96 149.28 153.76 149.36 139.04 128 144.52 151.32 134.92 151.44 169.96 175.64 175.76 170.92 171.36 175.56 178.2 169.32 172.88 162.96 161.44 161.72 165 172.2 180.32 180.36
-9999 -9999 -9999 -9999 -9999 -9999 -9999 -9999 -9999 -9999 -9999 -9999 -9999 -9999 -9999 -9999 -9999 -9999 -9999 -9999 -9999 -9999 177.666666666667 176.72 176.88 175.72 174.16 174.56 172.88 173.2 171.76 170.36 171.68 172.36 172 171.96 167.24 167.68 167.24 164.36 165.4 164.92 159.68 134.96 128 139.68 140.6 153.04 150.24 146.16 135.4 129.28 133.12 142.88 151.24 164.6 172.6 175.8 180.04 179.6 181.88 182.04 180.08 177.6 180.375 176.5 174.84 172.92 174.04 177.76 179.285714285714 183.571428571429
-9999 -9999 -9999 -9999 -9999 -9999 -9999 -9999 -9999 -9999 -9999 -9999 -9999 -9999 -9999 -9999 -9999 -9999 -9999 -9999 -9999 -9999 178 177.16 177.36 175.88 175.16 175.4 173.84 173.68 171.16 170.96 172.08 173.08 172.76 170.76 170.52 169.2 166.28 163.56 164.52 161.72 158.6 137.28 140.2 133.48 146.64 139.04 138.52 136.72 131.76 116.8 112.36 146.92 166.36 171.8 175.12 178.36 178.6 179.44 175.72 182.64 183.6 183.48 184 -9999 182.2 182.2 182.4 182.8 -9999 -9999
-9999 -9999 -9999 -9999 -9999 -9999 -9999 -9999 -9999 -9999 -9999 -9999 -9999 -9999 -9999 -9999 -9999 -9999 -9999 -9999 -9999 -9999 -9999 177.461538461538 177.8125 176.666666666667 176.2 175.64 175.84 174.8 174.16 173.36 173.4 171.88 171.4 170.52 170.28 170.52 169.24 165.96 164.68 158.12 162.92 150.84 135.52 137 149.48 139.32 129.8 140.68 129.2 129.52 140.68 149.24 155.28 167.88 171.68 174.32 176.72 175.48 176.48 178.44 179.84 184.076923076923 -9999 -9999 -9999 -9999 -9999 -9999 -9999 -9999
-9999 -9999 -9999 -9999 -9999 -9999 -9999 -9999 -9999 -9999 -9999 -9999 -9999 -9999 -9999 -9999 -9999 -9999 -9999 -9999 -9999 -9999 -9999 -9999 -9999 176.888888888889 177.85 177.28 175.64 173.48 172.72 172.76 172.92 171.52 169.76 166 163.52 162.88 166.52 166.04 163.52 153.48 153.48 149.48 141.04 156.48 146.24 158.28 152.36 145.52 133.52 138.32 143.04 156.48 153.92 160.64 161.76 166 166.68 150.8 157.08 163.52 174.909090909091 184 -9999 -9999 -9999 -9999 -9999 -9999 -9999 -9999
-9999 -9999 -9999 -9999 -9999 -9999 -9999 -9999 -9999 -9999 -9999 -9999 -9999 -9999 -9999 -9999 -9999 -9999 -9999 -9999 -9999 -9999 -9999 -9999 -9999 -9999 178.357142857143 177.44 176.08 173.92 172.2 171.88 172.4 171.36 168 164.96 162.24 164.4 163.56 159.4 154.48 159.04 150.64 149.44 156.16 156.04 150.32 155.2 143.24 148.32 147.2 144.28 162.36 158.44 141.68 155.32 151.68 166.72 174.72 168.44 170.04347826087 175.666666666667 180 -9999 -9999 -9999 -9999 -9999 -9999 -9999 -9999 -9999
-9999 -9999 -9999 -9999 -9999 -9999 -9999 -9999 -9999 -9999 -9999 -9999 -9999 -9999 -9999 -9999 -9999 -9999 -9999 -9999 -9999 -9999 -9999 -9999 179 179 178.875 177.65 175.4 173.84 172.24 171.16 171.2 171.76 168.84 169.16 167.32 165.64 156.76 148.72 158.92 160.72 148.96 158.36 157.84 153.52 162 155.04 144.76 156.08 161.12 163.24 169.36 160.32 157.52 170.36 167.84 171.84 179.32 181.24 181.857142857143 -9999 -9999 -9999 -9999 -9999 -9999 -9999 -9999 -9999 -9999 -9999
-9999 -9999 -9999 -9999 -9999 -9999 -9999 -9999 -9999 -9999 -9999 -9999 -9999 -9999 -9999 -9999 -9999 -9999 -9999 -9999 -9999 -9999 -9999 -9999 -9999 180 179.1 178.52 176.44 174.4 172.48 171.56 171.24 171.64 170.28 170.84 168.96 166.64 155.2 144.16 159.48 162.76 156.28 166.96 160.64 166.8 163.96 143.24 149.92 163.68 170.8 173.72 177.2 178.266666666667 178.1 178.636363636364 177.444444444444 175.52 178.681818181818 180.571428571429 -9999 -9999 -9999 -9999 -9999 -9999 -9999 -9999 -9999 -9999 -9999 -9999
-9999 -9999 -9999 -9999 -9999 -9999 -9999 -9999 -9999 -9999 -9999 -9999 -9999 -9999 -9999 -9999 -9999 -9999 -9999 -9999 -9999 -9999 -9999 -9999 -9999 180 179 178.48 176.08 174.32 174 172.24 170.72 171.44 170.92 170.56 170.88 169.04 166.8 157.72 161.88 164 167.2 173.8 169.88 170.2 157.56 153.08 166.12 174.28 177 178.866666666667 179.2 -9999 -9999 -9999 -9999 -9999 -9999 -9999 -9999 -9999 -9999 -9999 -9999 -9999 -9999 -9999 -9999 -9999 -9999 -9999
-9999 -9999 -9999 -9999 -9999 -9999 -9999 -9999 -9999 -9999 -9999 -9999 -9999 -9999 -9999 -9999 -9999 -9999 -9999 -9999 -9999 -9999 -9999 -9999 -9999 -9999 179 177.96 176.88 176.04 172.52 171.4 171.64 171.16 170.96 171.64 171.96 172.32 169.8 162.28 160.28 160.88 171.96 174.76 173.08 173.6 168.24 172.2 176.411764705882 177 -9999 -9999 -9999 -9999 -9999 -9999 -9999 -9999 -9999 -9999 -9999 -9999 -9999 -9999 -9999 -9999 -9999 -9999 -9999 -9999 -9999 -9999
-9999 -9999 -9999 -9999 -9999 -9999 -9999 -9999 -9999 -9999 -9999 -9999 -9999 -9999 -9999 -9999 -9999 -9999 -9999 -9999 -9999 -9999 -9999 -9999 -9999 -9999 178 177.473684210526 176.2 174.64 173.24 172.16 170.64 171.84 172.8 172.76 172 172 169.24 161.96 162.76 164.6 170.52 173.76 172.92 175.12 171.76 176.071428571429 -9999 -9999 -9999 -9999 -9999 -9999 -9999 -9999 -9999 -9999 -9999 -9999 -9999 -9999 -9999 -9999 -9999 -9999 -9999 -9999 -9999 -9999 -9999 -9999
-9999 -9999 -9999 -9999 -9999 -9999 -9999 -9999 -9999 -9999 -9999 -9999 -9999 -9999 -9999 -9999 -9999 -9999 -9999 -9999 -9999 -9999 -9999 -9999 -9999 -9999 -9999 177 175.6 173.48 173.8 173.76 172.16 171.28 170.84 172.68 167.72 166.04 167.48 162.32 158.84 167.36 171.68 174.52 174.44 175.64 173.625 176 -9999 -9999 -9999 -9999 -9999 -9999 -9999 -9999 -9999 -9999 -9999 -9999 -9999 -9999 -9999 -9999 -9999 -9999 -9999 -9999 -9999 -9999 -9999 -9999
-9999 -9999 -9999 -9999 -9999 -9999 -9999 -9999 -9999 -9999 -9999 -9999 -9999 -9999 -9999 -9999 -9999 -9999 -9999 -9999 -9999 -9999 -9999 -9999 -9999 -9999 -9999 -9999 175.363636363636 175.16 172.76 171.56 172.44 173.24 173.16 171.96 169.72 167.16 164.88 166 162.96 168.44 171.96 172.84 173.16 175.84 174.071428571429 -9999 -9999 -9999 -9999 -9999 -9999 -9999 -9999 -9999 -9999 -9999 -9999 -9999 -9999 -9999 -9999 -9999 -9999 -9999 -9999 -9999 -9999 -9999 -9999 -9999
