inst/external/vegetation.asc
NCOLS 124 
NROWS 71 
XLLCORNER 100975.311332809 
YLLCORNER 3988829.71757999 
CELLSIZE 4219.2230169468 
NODATA_value -9999 
[rows 44 to 65 of 71, columns 48 to 95 of 124]
124.706666870117 118.037778625488 108.883333740234 104.413332519531 108.262221679687 105.84666595459 106.074444885254 104.981111450195 102.084444885254 104.626666564941 105.268888549805 110.834444580078 114.069999084473 112.903332824707 116.864444580078 126.517778320313 122.821111755371 117.143332824707 118.483333740234 119.389999389648 121.54111114502 102.89888885498 99.2700003051758 98.3177774047852 107.675556030273 101.41555480957 97.3733334350586 95.9977774047852 95.5066668701172 96.0833343505859 89.3988891601563 84.7544448852539 85.5733331298828 105.898890380859 123.413333740234 111.395556030273 106.612221374512 65.1933329772949 40.6666667938232 38.1300000762939 52.6222219848633 90.3288891601563 93.8777778625488 110.048888549805 127.607778320313 147.407778625488 152.095556030273 144.698888244629
135.806667175293 133.446667175293 119.488889465332 112.046666564941 112.004444580078 106.616666564941 107.35444519043 107.628888549805 102.427777404785 105.106666564941 117.424444580078 112.854445495605 116.044444885254 109.158889160156 131.031111450195 129.08333404541 134.389999389648 119.283333129883 123.623332824707 123.519999389648 129.235556335449 110.48888885498 104.024443969727 110.40111114502 111.917778015137 100.953332824707 99.5655554199219 96.6066659545898 94.3277783203125 120.868889160156 122.59444519043 104.453333129883 97.7988885498047 108.026666564941 103.060000305176 103.201110839844 92.6899995422363 45.8344445800781 74.351110534668 87.0522225952148 90.8255551147461 123.925556640625 131.968889160156 128.636667175293 126.878887939453 132.308888244629 130.002222900391 131.612222290039
132.296667785645 136.137778015137 125.788888244629 123.941111450195 111.622222290039 103.478889160156 107.733334350586 108.119999694824 108.026666259766 112.894444580078 116.300000305176 112.324443969727 118.933333129883 113.537778015137 120.215555114746 123.59222076416 126.806666870117 124.773333435059 123.296666564941 128.732222900391 126.607777404785 120.727778625488 124.421110839844 122.817777709961 122.452222290039 116.261111450195 104.46555480957 102.548887939453 96.3555548095703 106.066666564941 117.417778015137 120.278888549805 111.285555725098 101.89888885498 111.742222595215 116.157777709961 118.69 106.01333404541 123.834444885254 124.815556335449 136.63 133.114444274902 125.591110534668 116.135556335449 108.497777709961 101.657778015137 106.415555725098 106.368888549805
121.307776489258 131.411111755371 136.64333190918 116.166666870117 112.783333740234 112.407777404785 107.68888885498 104.622221984863 117.137777404785 121.65555480957 112.895555725098 110.667778320313 118.89444519043 121.526666564941 120.018889465332 125.893332824707 118.397777709961 119.212221984863 126.446666870117 122.464444885254 134.107778320312 131.635554199219 125.601109924316 140.206667480469 122.977778930664 134.777776794434 120.626666564941 112.807778015137 126.062221069336 121.345555725098 117.421112060547 124.251110534668 121.114444580078 118.067777404785 134.387777404785 123.928889160156 132.753332519531 131.919999084473 132.844444885254 145.524446105957 135.328888244629 123.222221984863 115.378888244629 107.094444885254 100.141110839844 103.617776184082 111.894444580078 106.244444274902
122.816666564941 128.091110534668 132.32666809082 120.814443969727 114.407778015137 122.315555114746 116.437778015137 114.346667480469 128.695555419922 134.193334350586 117.582221374512 115.393333129883 118.87555480957 120.844444885254 118.517777404785 118.324443359375 118.236667175293 125.377777709961 122.757777709961 126.281109924316 121.438888549805 115.74555480957 119.854444274902 123.704443664551 107.423333129883 128.473333435059 111.728888244629 121.79555480957 128.082222290039 143.012222900391 144.425556030273 132.992222290039 136.096666870117 135.96111114502 131.209998779297 121.624443664551 125.516666564941 135.001112060547 126.964444885254 124.27444519043 116.656667480469 109.633333129883 102.311112060547 104.331111755371 106.153333435059 109.046667175293 107.143332824707 103.423332824707
130.974443359375 131.723333129883 140.743334350586 124.005555419922 133.372221374512 137.589999389648 130.054443359375 134.054444580078 140.802221679688 134.807778625488 128.836667175293 118.26888885498 124.747776794434 130.067776794434 125.194445495605 122.70333404541 134.643331604004 153.37 138.894444580078 134.662222900391 134.685556335449 120.454443359375 120.647777099609 121.904444885254 128.715556030273 139.283333435059 138.022221679688 120.653333129883 128.003333129883 130.858888244629 129.416667175293 128.18666595459 132.11888671875 131.251110229492 125.882221679688 128.814444580078 118.837777709961 127.13111114502 128.553334350586 125.495556030273 115.679999084473 104.506666259766 102.744444885254 108.047777709961 114.66333404541 105.045555725098 96.3866668701172 91.3077777099609
134.624443969727 125.149999694824 135.221110839844 119.315555114746 119.195554504395 116.243333435059 126.748889160156 136.987777099609 136.895556030273 124.9 126.206666870117 120.803333435059 128.754444885254 124.233333740234 121.442221984863 123.387777709961 138.152221374512 156.652222290039 137.717777099609 133.296667785645 121.341110839844 136.808889465332 131.908888244629 125.946666259766 124.40666595459 127.292222900391 133.469999084473 130.211112060547 135.872222595215 126.891111450195 139.509998779297 149.157777709961 143.104444274902 131.900000610352 132.011111450195 122.327778015137 122.801110839844 127.363333435059 120.267777709961 129.383333129883 122.440000610352 105.837777709961 101.79 108.425555114746 114.774443664551 110.14111114502 90.4099996948242 87.9300006103516
130.952223815918 122.339999389648 133.399999694824 119.941110839844 135.727777709961 129.745555114746 125.476667175293 137.460001220703 137.35444519043 132.661111450195 129.762222290039 122.345555114746 122.252222290039 123.507777709961 121.753334350586 121.935555725098 131.394445495605 142.18666595459 132.771110534668 135.837778320313 132.403334350586 133.033334350586 143.824444885254 117.017778625488 123.665556030273 129.06 140.093332824707 140.087776489258 139.746667785645 140.061110839844 147.082221069336 145.306667480469 148.133332519531 120.808888549805 125.628889770508 127.00555480957 113.744444274902 129.990000305176 117.097778625488 114.234444274902 113.337777709961 107.109999694824 91.5333334350586 95.5066668701172 105.986666259766 105.79 89.1233337402344 77.1888887023926
133.443332519531 119.05 123.467778625488 106.223333129883 134.536666870117 145.318889160156 136.251110839844 131.239999389648 120.584444274902 120.252221679688 138.444443969727 135.849998474121 130.943334655762 118.83111114502 117.970000610352 96.768889465332 91.8194443384806 116.21590978449 113.12 122.402221984863 122.97444519043 122.000000610352 127.191798982166 104.369047437395 109.622222137451 105.012821490948 115.083333757189 123.431817488237 112.365078517369 128.845238821847 138.678570338658 142.520466453151 151.472223722018 130.936111450195 159.399124145508 129.058889465332 107.104444580078 129.847776184082 102.684443969727 84.0065365959616 90.1712958017985 87.6833343505859 76.9555572509766 74.2901238335504 91.6865070887974 79.0000015258789 66.7259267171224 62.2449493408203
125.787777404785 115.30444519043 110.101110229492 117.485555725098 110.472222290039 151.585555419922 137.526666870117 134.068889160156 131.378889465332 132.417778320312 127.738888549805 132.396667175293 130.444444274902 141.938887939453 119.116666870117 66.5066662597656 52.8888887677874 -9999 71.7 79.9 94.15 112.827778625488 -9999 -9999 -9999 -9999 -9999 -9999 -9999 -9999 -9999 -9999 -9999 -9999 131.41667175293 110.388888549805 112.814235687256 89.8873452080621 90.9777778625488 -9999 -9999 -9999 -9999 -9999 -9999 -9999 -9999 -9999
116.137778015137 131.318889770508 135.297778320312 148.145554504395 142.241110839844 157.652221679688 153.066665039063 135.244444580078 132.771111450195 128.383332824707 130.923333129883 132.44444519043 132.079999694824 125.214443664551 117.298887634277 95.6794867882362 -9999 -9999 -9999 -9999 -9999 -9999 -9999 -9999 -9999 -9999 -9999 -9999 -9999 -9999 -9999 -9999 -9999 -9999 -9999 -9999 -9999 -9999 -9999 -9999 -9999 -9999 -9999 -9999 -9999 -9999 -9999 -9999
170.096666259766 162.573333740234 146.033332519531 167.281112060547 157.912222900391 174.858888549805 160.343330078125 143.89 157.803334960937 147.752222290039 142.921110229492 144.961112365723 150.155556945801 111.42111114502 101.770201943137 98.0833358764648 -9999 -9999 -9999 -9999 -9999 -9999 -9999 -9999 -9999 -9999 -9999 -9999 -9999 -9999 -9999 -9999 -9999 -9999 -9999 -9999 -9999 -9999 -9999 -9999 -9999 -9999 -9999 -9999 -9999 -9999 -9999 -9999
190.659999389648 179.197776489258 168.861111450195 175.773332519531 166.335555419922 150.126665649414 150.822221679688 159.825555419922 159.907777099609 148.14 132.609999389648 129.855555419922 122.217391636061 112.977777608236 79.7291660308838 -9999 -9999 -9999 -9999 -9999 -9999 -9999 -9999 -9999 -9999 -9999 -9999 -9999 -9999 -9999 -9999 -9999 -9999 -9999 -9999 -9999 -9999 -9999 -9999 -9999 -9999 -9999 -9999 -9999 -9999 -9999 -9999 -9999
182.266666259766 176.318888549805 170.493333129883 159.79666809082 143.215555419922 140.418888549805 146.081110839844 149.404443969727 160.177777099609 151.248887939453 138.753333129883 117.894443054199 83.04761832101 -9999 -9999 -9999 -9999 -9999 -9999 -9999 -9999 -9999 -9999 -9999 -9999 -9999 -9999 -9999 -9999 -9999 -9999 -9999 -9999 -9999 -9999 -9999 -9999 -9999 -9999 -9999 -9999 -9999 -9999 -9999 -9999 -9999 -9999 -9999
180.825556030273 166.580000610352 153.127777404785 139.969997558594 128.067776489258 127.200001017253 98.1472213745117 128.444443442605 142.453703986274 140.48111114502 117.900252949108 120.156745365688 -9999 -9999 -9999 -9999 -9999 -9999 -9999 -9999 -9999 -9999 -9999 -9999 -9999 -9999 -9999 -9999 -9999 -9999 -9999 -9999 -9999 -9999 -9999 -9999 -9999 -9999 -9999 -9999 -9999 -9999 -9999 -9999 -9999 -9999 -9999 -9999
153.397780151367 158.25 134.23148164295 132.587037150065 117.427777099609 -9999 -9999 -9999 -9999 -9999 -9999 -9999 -9999 -9999 -9999 -9999 -9999 -9999 -9999 -9999 -9999 -9999 -9999 -9999 -9999 -9999 -9999 -9999 -9999 -9999 -9999 -9999 -9999 -9999 -9999 -9999 -9999 -9999 -9999 -9999 -9999 -9999 -9999 -9999 -9999 -9999 -9999 -9999
119.009803323185 117.873016357422 -9999 -9999 -9999 -9999 -9999 -9999 -9999 -9999 -9999 -9999 -9999 -9999 -9999 -9999 -9999 -9999 -9999 -9999 -9999 -9999 -9999 -9999 -9999 -9999 -9999 -9999 -9999 -9999 -9999 -9999 -9999 -9999 -9999 -9999 -9999 -9999 -9999 -9999 -9999 -9999 -9999 -9999 -9999 -9999 -9999 -9999
-9999 -9999 -9999 -9999 -9999 -9999 -9999 -9999 -9999 -9999 -9999 -9999 -9999 -9999 -9999 -9999 -9999 -9999 -9999 -9999 -9999 -9999 -9999 -9999 -9999 -9999 -9999 -9999 -9999 -9999 -9999 -9999 -9999 -9999 -9999 -9999 -9999 -9999 -9999 -9999 -9999 -9999 -9999 -9999 -9999 -9999 -9999 -9999
-9999 -9999 -9999 -9999 -9999 -9999 -9999 -9999 -9999 -9999 -9999 -9999 -9999 -9999 -9999 -9999 -9999 -9999 -9999 -9999 -9999 -9999 -9999 -9999 -9999 -9999 -9999 -9999 -9999 -9999 -9999 -9999 -9999 -9999 -9999 -9999 -9999 -9999 -9999 -9999 -9999 -9999 -9999 -9999 -9999 -9999 -9999 -9999
-9999 -9999 -9999 -9999 -9999 -9999 -9999 -9999 -9999 -9999 -9999 -9999 -9999 -9999 -9999 -9999 -9999 -9999 -9999 -9999 -9999 -9999 -9999 -9999 -9999 -9999 -9999 -9999 -9999 -9999 -9999 -9999 -9999 -9999 -9999 -9999 -9999 -9999 -9999 -9999 -9999 -9999 -9999 -9999 -9999 -9999 -9999 -9999
-9999 -9999 -9999 -9999 -9999 -9999 -9999 -9999 -9999 -9999 -9999 -9999 -9999 -9999 -9999 -9999 -9999 -9999 -9999 -9999 -9999 -9999 -9999 -9999 -9999 -9999 -9999 -9999 -9999 -9999 -9999 -9999 -9999 -9999 -9999 -9999 -9999 -9999 -9999 -9999 -9999 -9999 -9999 -9999 -9999 -9999 -9999 -9999
-9999 -9999 -9999 -9999 -9999 -9999 -9999 -9999 -9999 -9999 -9999 -9999 -9999 -9999 -9999 -9999 -9999 -9999 -9999 -9999 -9999 -9999 -9999 -9999 -9999 -9999 -9999 -9999 -9999 -9999 -9999 -9999 -9999 -9999 -9999 -9999 -9999 -9999 -9999 -9999 -9999 -9999 -9999 -9999 -9999 -9999 -9999 -9999
