inst/external/vegetation.asc
NCOLS 124 
NROWS 71 
XLLCORNER 100975.311332809 
YLLCORNER 3988829.71757999 
CELLSIZE 4219.2230169468 
NODATA_value -9999 
[rows 22 to 43 of 71, columns 48 to 95 of 124]
166.273333129883 151.872222290039 155.241111450195 152.78555480957 155.966666259766 152.39666809082 149.171111450195 136.44444519043 112.007777404785 84.2977770996094 106.35 111.030000305176 109.325555114746 108.831111450195 105.867778015137 106.97111114502 104.883333129883 103.813332824707 106.827778015137 100.870001220703 102.031111755371 101.124444580078 102.915556030273 104.726666259766 105.351110534668 102.576666870117 104.95111114502 93.7277783203125 93.4711114501953 95.783332824707 101.125555419922 96.8300003051758 89.2277774047852 102.25666595459 108.385555114746 112.201111450195 107.77111114502 108.107776794434 107.044444580078 115.12555480957 100.761111755371 98.8477783203125 98.7100003051758 91.5699993896484 98.5766674804688 110.868888549805 128.920000610352 156.448887329102
150.144443664551 142.119999389648 135.744444274902 135.507779541016 140.027778320313 127.60222442627 121.725555725098 121.57555480957 108.635555114746 101.801110839844 105.598889465332 105.845555419922 105.525555114746 106.013333740234 106.723333129883 106.787777709961 102.90666595459 101.69 103.905556335449 100.946666564941 99.4233337402344 98.5777780151367 96.3522213745117 103.726667175293 104.267778320313 107.232222290039 102.432222595215 98.9422219848633 93.3677777099609 92.8011102294922 98.8300009155274 96.7666662597656 100.921110839844 104.180000305176 107.548888549805 107.877777404785 116.105555114746 110.997777404785 103.505555725098 102.112221679688 97.506667175293 89.7788885498047 92.8688891601563 87.5722216796875 97.5622225952148 112.946666259766 136.436665344238 145.587777099609
125.385556335449 113.821111450195 114.894443664551 117.568888549805 122.287777404785 118.115555419922 109.50888885498 111.055555419922 107.767778015137 107.143333435059 103.978887939453 101.622221984863 100.347778320312 104.865556030273 106.117777404785 104.119999389648 102.907778930664 103.476666564941 102.134443969727 100.265555419922 96.9355554199219 96.0188891601562 99.4522210693359 96.4199993896484 103.455556030273 108.435555419922 104.919999389648 98.3866662597656 101.278889160156 93.7666662597656 97.7066659545899 95.5011114501953 94.3966668701172 101.131110229492 110.34555480957 121.293333129883 118.142222290039 122.627778015137 100.222222595215 98.5588885498047 99.4177780151367 86.3855563354492 91.5888888549805 89.7822213745117 92.2277780151367 116.047777709961 129.597776489258 134.433333129883
125.110000305176 116.828888549805 115.985555419922 113.981111755371 111.667776794434 110.634444885254 106.786666564941 106.647778015137 105.276666870117 103.411112670898 100.026666259766 105.605555419922 101.746666870117 101.775555725098 101.20888885498 98.6211108398438 97.5377770996094 102.173332519531 102.081110839844 98.4388891601563 93.6755554199219 95.0799996948242 99.8711111450195 101.965555114746 100.773333740234 105.42888885498 100.352222290039 100.571111450195 113.69 112.391110839844 102.719999694824 101.399998779297 100.796667480469 107.752222595215 125.498888244629 129.323333435059 120.447777404785 114.136666259766 130.837777099609 119.021110839844 116.597778015137 94.9311117553711 85.0522216796875 97.4411114501953 93.2233334350586 114.432221374512 124.929999389648 140.513331298828
115.03888885498 117.938888549805 116.533332519531 116.052222290039 107.503332824707 109.895555725098 108.793333740234 105.666666564941 104.032221679687 106.751110839844 102.644444580078 105.487777404785 105.664444274902 104.740000610352 102.511110534668 99.3277783203125 97.3477783203125 99.3977774047852 100.482221679687 98.9255563354492 95.6311108398438 96.4955557250977 103.025555114746 107.048888549805 112.532221679687 113.126667175293 104.082222900391 117.168888244629 120.64 125.039999694824 118.225556335449 111.826666870117 113.07222076416 108.587777404785 115.017776184082 127.886666564941 113.475556030273 103.171110839844 121.566666259766 106.907777709961 96.6233331298828 105.465556030273 99.3622219848633 104.781110229492 99.4555557250977 94.0411117553711 95.2555560302734 108.236665649414
119.930000305176 112.837778015137 115.16888885498 114.945556640625 111.233332824707 108.992222595215 111.881110534668 108.801111450195 106.35 105.845555725098 99.496667175293 99.2155554199219 103.275555725098 105.34111114502 104.104444274902 100.495555419922 102.349999389648 101.185555419922 98.1199990844727 104.029999389648 101.108889465332 103.271111450195 111.787777404785 115.956666259766 110.621110839844 110.993333740234 109.767778015137 119.174443969727 119.675555114746 116.448888549805 125.54444519043 111.9 117.773332824707 115.077777404785 116.368888549805 126.105556640625 130.292222290039 118.742221679688 116.035555725098 111.498889770508 113.65 105.563333435059 91.7300006103516 106.448888549805 113.026667480469 105.89111114502 85.8022216796875 106.180000915527
117.137777404785 117.735555114746 114.387777099609 118.366666564941 114.429999694824 110.674444885254 109.260000915527 105.964444274902 106.46666595459 105.463333129883 97.8844445800781 99.9422222900391 105.356666564941 107.328888549805 110.34111114502 108.542221984863 102.337778625488 105.649999389648 95.1166668701172 95.1011108398438 95.2100006103516 95.4999990844727 102.889999389648 109.826667480469 112.757778625488 113.532222290039 113.223332824707 122.713333129883 126.853333129883 125.608888549805 132.629999084473 147.894444580078 119.845554504395 115.013333129883 120.078888244629 120.452221984863 116.715555419922 108.475555725098 103.736666870117 99.8677780151367 105.977776794434 93.3033337402344 86.7988885498047 87.358889465332 104.346666564941 106.559999694824 96.5966668701172 107.446666259766
110.744444580078 112.625555725098 119.926666564941 118.987778625488 119.544444274902 114.664444885254 106.714444580078 104.932222290039 103.062221984863 103.940000305176 98.3055554199219 103.083332824707 105.60333190918 110.074444274902 121.114443054199 111.16555480957 103.401111755371 101.877777709961 98.1777780151367 94.5677783203125 94.4255557250977 97.8566668701172 104.132222290039 109.423333435059 120.956667175293 131.139998474121 127.334444580078 121.004444885254 139.899998168945 135.457778930664 124.285555419922 135.925555114746 128.33666595459 114.11888885498 122.792222290039 120.144444885254 102.98 96.8833337402344 91.5688885498047 89.1522210693359 95.3177777099609 93.8944439697266 96.9222222900391 82.041110534668 82.2988888549805 83.213332824707 86.1722219848633 92.298889465332
115.587777099609 114.791110534668 111.913333129883 109.287778015137 106.660000610352 102.906666870117 107.823332824707 107.124444274902 101.784444580078 99.6011114501953 100.14666595459 101.057778625488 98.1022216796875 105.194444580078 121.275555725098 124.133332824707 117.716667480469 111.707777709961 113.846666259766 107.744445800781 105.297777099609 102.014443359375 114.925555725098 112.264444580078 117.812222290039 127.818890075684 126.19555480957 124.693331298828 125.894443664551 124.68666595459 121.117778320312 135.764443664551 140.4 120.190000305176 119.387778320313 104.052221984863 95.4022216796875 95.7866665649414 89.5022229003906 92.8433337402344 88.0044445800781 81.0655554199219 81.1688891601563 86.4300003051758 82.0255551147461 84.2922222900391 84.5611108398437 79.6011109924316
115.687777404785 112.324444580078 106.035555114746 108.752221679688 114.872222290039 111.365555725098 115.232222290039 114.325555114746 109.75333404541 103.577778320313 105.905555419922 103.135556640625 103.37 103.172222595215 111.431111755371 119.96444519043 117.994444274902 123.117778015137 127.367775878906 122.439999389648 109.327778320313 109.872222900391 111.933332824707 111.106665649414 119.674444885254 123.328888549805 121.670000915527 126.49111114502 127.215556335449 120.384443359375 125.874443359375 128.205556030273 111.448888549805 100.295555419922 104.952221679687 101.833333435059 95.4444439697266 92.106667175293 91.7799996948242 92.078889465332 88.031110534668 86.4733334350586 85.0544445800781 88.3055554199219 86.1033340454102 76.1000003051758 75.918889465332 84.9533337402344
108.538889465332 100.698889770508 104.364444580078 112.948889160156 116.651111450195 115.284444580078 114.448888244629 111.604444885254 110.807777709961 106.501110839844 103.714443664551 98.8422225952148 103.928889465332 107.255555114746 109.28 116.628889160156 118.670000305176 133.147778625488 142.653334350586 132.372221984863 123.733333740234 117.261111755371 113.638889160156 112.188889465332 118.559999694824 123.786667175293 133.628887939453 128.603333740234 122.161110534668 119.545555419922 126.057777404785 118.738889160156 105.080000610352 101.36888885498 98.2011114501953 96.1211120605469 91.5022213745117 95.5788891601563 94.7188885498047 92.8788891601562 89.8333322143555 85.538889465332 91.3533325195312 91.6088888549805 82.9377783203125 80.4166674804687 78.9088891601562 91.8666668701172
98.8299993896484 100.292222290039 102.592222900391 109.422222290039 109.576667785645 107.163333435059 110.368888549805 112.38111114502 108.087777709961 106.182222595215 107.028889770508 112.648889770508 110.578888244629 111.054443359375 114.085555419922 115.931109924316 110.815555419922 122.148888244629 140.123333740234 139.621112060547 121.494444580078 114.140000305176 118.716666870117 115.35888885498 115.492222290039 121.701111755371 122.299998779297 113.533333740234 114.936666259766 121.124444885254 129.88666595459 120.086666259766 113.968889465332 104.627778015137 103.345556335449 97.2044445800781 93.1411108398437 92.3855560302734 92.4377783203125 91.2500006103516 90.6155554199219 86.563332824707 79.6977780151367 80.0055548095703 82.3122216796875 86.2955551147461 89.0455554199219 93.1799996948242
106.870000610352 109.834444580078 105.635555114746 104.21111114502 106.376667175293 107.732222900391 104.602222290039 110.661110839844 109.174444274902 105.558889160156 110.111112060547 108.335555725098 106.997778625488 109.13111114502 108.134443359375 104.156666870117 119.626666259766 121.506667175293 129.188889465332 131.053333740234 126.439999694824 112.677777099609 116.532221984863 120.263333435059 117.815556030273 123.329999084473 123.317778320312 107.474444580078 107.323333435059 112.472221679688 119.765555725098 114.994444274902 110.338888244629 112.13333404541 110.742222290039 103.491111450195 97.7066659545899 101.472222595215 94.9166656494141 93.9822225952149 87.4477783203125 83.5399996948242 86.0299996948242 86.3222213745117 89.3633334350586 77.5644451904297 78.2766674804687 80.1355554199219
106.54555480957 106.490000305176 101.016666870117 97.3144436645508 100.47888885498 101.892222290039 107.301111450195 111.901110839844 106.762221679687 96.8299993896484 103.406666564941 106.981110534668 107.740000610352 105.84111114502 106.341111450195 104.755555419922 110.726666870117 110.528887939453 125.52111114502 122.92555480957 121.623333740234 122.339999694824 124.167778320313 121.284444885254 120.855555725098 118.395555725098 119.242222595215 122.779999389648 119.33888885498 108.890000305176 114.07333404541 114.485555419922 116.422222290039 117.203333435059 114.145555725098 109.234443969727 113.283333435059 109.081110534668 107.621110534668 107.796667175293 94.3011117553711 87.7733331298828 98.3066662597656 91.4877777099609 81.3688891601563 82.7922219848633 81.9611111450195 81.1966659545898
106.108889160156 105.028888549805 102.773332519531 97.9022222900391 98.4966674804688 106.104443969727 107.139999389648 108.138889770508 106.334444885254 111.898888549805 108.524443664551 100.25666595459 97.8622225952148 101.152222290039 97.0366665649414 104.146666564941 106.869999389648 110.199999694824 127.008888244629 122.693333129883 121.402221984863 115.880000610352 112.540000305176 120.42555480957 120.918889465332 115.752221984863 118.429999694824 116.504444580078 111.81888885498 106.913334350586 126.841110839844 120.876666259766 117.957778625488 107.94888885498 115.71444519043 131.216665649414 130.561110229492 123.328888549805 111.549999389648 106.451110839844 93.4144454956055 88.5233325195313 114.747777709961 98.04 77.7933331298828 78.883332824707 81.7555548095703 92.6066656494141
103.556667175293 103.431110534668 102.512221679687 101.42666595459 97.9200003051758 102.284444580078 103.087777404785 104.476666870117 107.196667175293 102.17888885498 100.13888885498 100.24 100.533333740234 97.1655560302734 103.666666259766 101.121111450195 106.264444885254 107.655556030273 114.47666595459 116.132222595215 116.392222595215 114.77555480957 117.321111450195 119.191110839844 115.225555419922 116.445555419922 119.344443969727 115.417778015137 117.541111755371 105.64333404541 107.852221679688 111.118889160156 111.912222595215 106.748888549805 110.227778930664 103.737777709961 109.661112365723 127.279999694824 121.361111755371 103.043332214355 96.8433343505859 104.46111114502 114.986666564941 112.384444580078 86.9688891601563 73.3566668701172 80.0744458007812 86.3044442749024
99.6022222900391 100.45 100.248889465332 97.8144448852539 101.06444519043 97.5155560302734 115.351110534668 117.129999694824 108.858889160156 103.467777404785 105.384444885254 112.92444519043 108.84 102.831110839844 99.1577770996094 99.964443359375 104.20888885498 109.924443969727 98.2911114501953 113.537777709961 118.152222595215 121.627778320313 121.724444885254 118.967778015137 123.009999694824 115.853332824707 108.976666564941 113.955555114746 105.943333435059 100.385556335449 103.603333129883 110.787777404785 110.293332824707 108.943333435059 118.591111755371 148.939999389648 156.518887329102 149.428888549805 127.975555725098 126.118887939453 105.870000305176 106.225556640625 102.367778320312 90.3266659545898 100.360000610352 69.3577783203125 69.3122210693359 78.6255551147461
100.69555480957 100.982221374512 94.6522222900391 95.2311111450195 102.448888549805 104.269999694824 103.503333435059 107.615555114746 109.199999389648 101.966667175293 105.55666595459 104.692222595215 106.75888885498 105.273333740234 107.058889465332 105.593333435059 106.310000915527 113.311111450195 116.887777709961 111.785555419922 111.875555114746 115.655555419922 113.893333740234 113.918889770508 103.061110534668 101.143333740234 102.833333740234 102.093333435059 104.878888549805 114.832222290039 121.937778625488 115.465554504395 108.074444885254 97.0422229003906 110.624444580078 140.266667175293 133.119998474121 138.249999694824 130.990001220703 137.277778930664 146.215554504395 108.337776794434 101.323332824707 86.1566668701172 86.8777774047852 61.5255554199219 65.8122222900391 71.6988885498047
97.8511120605469 99.9977783203125 101.46 98.7833337402344 106.720000610352 101.943333740234 106.253332214355 106.058887939453 109.857778320313 103.886666564941 102.78444519043 108.085556030273 107.047777404785 106.652221984863 108.724443969727 106.746666259766 107.472222290039 116.205556030273 116.17555480957 119.689998474121 114.631112060547 111.552221984863 115.088889465332 114.13 112.165555725098 111.437777709961 107.673333129883 106.076666870117 116.38 124.655556945801 129.461111450195 152.350001220703 139.382221374512 93.4777777099609 111.287778320312 118.142222595215 119.361110534668 123.174443969727 114.877777404785 109.232222595215 127.144443359375 129.098887329102 130.446666870117 100.60666595459 71.0011109924316 65.3722224426269 66.9544438171387 72.3777777099609
112.50444519043 109.765555419922 109.240000610352 110.403333435059 105.913332519531 100.572221984863 103.687778320313 115.638887939453 107.442222290039 104.152221679688 103.148890075684 109.444443969727 103.329999694824 103.68888885498 106.25333404541 107.479999084473 109.845555725098 116.801111450195 115.843333740234 119.67888885498 112.626666259766 106.408888549805 104.496666564941 104.506667175293 97.6622222900391 101.905555114746 110.975555725098 98.7766668701172 104.236666259766 103.017778320313 102.403334350586 105.918888244629 117.502222595215 108.147777709961 104.691110839844 118.606666259766 119.967778015137 113.437777404785 111.085556945801 103.863332824707 111.473333740234 127.997778320313 164.597778320312 130.026666564941 113.180000305176 111.923333740234 108.915555419922 100.796666259766
127.15111114502 117.03 106.419999389648 101.08111114502 98.3077767944336 97.7155557250977 98.4222225952148 99.6522225952149 95.6500006103516 76.7066670227051 101.942221679688 101.795555419922 103.657777404785 108.546666259766 102.017777404785 102.104443664551 111.505555114746 109.305555114746 112.437776794434 116.538889160156 110.916666564941 97.5488891601562 100.53333404541 99.9022216796875 95.5355557250977 101.675555725098 102.75888885498 99.5222225952148 96.0811114501953 93.6444451904297 92.6522219848633 85.0455551147461 95.1700003051758 103.903333435059 106.416667175293 120.576667480469 113.266667480469 121.807778930664 108.001110229492 107.44111114502 68.4144453430176 68.1055558776855 140.451110534668 149.516665039063 158.071109619141 162.875556640625 166.346666870117 164.696667480469
127.705555725098 112.008889465332 103.807778015137 106.358889160156 103.384444580078 103.896666259766 103.88 104.21111114502 96.416667175293 93.2788888549805 102.254444580078 104.252222900391 110.203333129883 111.072222290039 106.015555419922 115.414444274902 115.893333740234 114.874444274902 117.45111114502 122.468887634277 120.68444519043 100.466666259766 96.941110534668 100.573332824707 97.7966668701172 99.2199996948242 95.5722222900391 97.9655548095703 94.6744439697266 96.1766653442383 90.46 83.1477777099609 87.1922225952148 101.37 105.99444519043 117.155555114746 115.763332824707 102.327778625488 67.6366664123535 70.7744448852539 46.9855557250977 54.917777557373 61.9922227478027 82.2588887023926 93.1411108398437 109.754443664551 129.381110839844 131.785555114746
