inst/external/vegetation.asc
NCOLS 124 
NROWS 71 
XLLCORNER 100975.311332809 
YLLCORNER 3988829.71757999 
CELLSIZE 4219.2230169468 
NODATA_value -9999 
[rows 22 to 43 of 71, columns 0 to 47 of 124]
-9999 -9999 -9999 125.083335876465 133.088233050178 135.026666870117 140.641110229492 160.444444580078 170.347776489258 166.255555419922 171.467777709961 169.413333129883 167.507777404785 166.776665649414 163.510001831055 164.994444580078 159.736666870117 148.186666870117 152.11555480957 151.564445800781 157.835557250977 158.453333129883 159.80888671875 163.140000610352 153.526666259766 141.494446411133 151.013333740234 147.836667480469 149.656666870117 145.58555480957 147.65888671875 154.160000610352 149.03444519043 162.924443359375 151.723333129883 153.938889770508 158.218889160156 159.115554199219 152.145554199219 153.98555480957 154.363331298828 157.355556640625 160.048887939453 162.787777709961 156.205555419922 158.477777099609 167.209999389648 162.68444519043
-9999 -9999 121.798610687256 116.832070437345 120.145556030273 127.303332519531 130.025556640625 131.975555725098 126.318890075684 123.851110839844 138.296668395996 138.822221984863 132.169999084473 132.854443664551 135.171111450195 140.772222595215 150.525554199219 141.866665649414 140.343333435059 140.094444580078 148.09 155.313333129883 154.080001220703 148.437777099609 145.21666809082 139.326666564941 141.932221679688 148.017776489258 148.516666259766 140.358887329102 146.441109619141 153.970000610352 146.967777709961 138.00333190918 154.591111450195 156.243333740234 158.027777099609 147.412221679687 151.042222900391 151.222221679687 147.363333740234 153.956664428711 154.885556640625 155.327776489258 154.921110839844 163.91555480957 167.825553588867 151.44444519043
-9999 -9999 119.942029206649 116.182222290039 130.33 129.367778625488 121.434444580078 129.098889465332 122.630000915527 126.183333435059 131.158889160156 128.266667175293 125.307777404785 129.859999389648 151.720001220703 141.947778320312 128.685555114746 138.421112670898 141.452223510742 146.238888244629 154.568888549805 149.111110839844 151.058888549805 148.755553894043 152.263334350586 150.231110839844 147.114444580078 146.951112060547 142.299998779297 146.01555480957 148.155556640625 150.61 153.865557250977 143.645555419922 147.954443969727 159.879999389648 160.092221679687 150.115556030273 142.479998779297 152.804443969727 148.933333129883 146.627777709961 150.415556640625 137.863332519531 135.666666564941 154.441111450195 149.88333190918 131.325555725098
-9999 134.305554199219 131.598887023926 130.986666564941 128.18888885498 125.988889160156 123.78555480957 123.827778015137 120.643332824707 129.852222290039 123.207778320312 124.98 124.228888244629 130.78888885498 136.67111114502 144.191110839844 142.354443359375 142.741108398437 142.241112365723 88.5600003051758 140.964443359375 157.197778930664 162.995555419922 144.040001525879 143.301110839844 150.224444580078 151.593332519531 151.146666259766 146.132221679687 133.774444274902 139.326666259766 142.089999389648 147.663333129883 145.073334960938 138.631111450195 157.653334960938 154.836666259766 154.106666259766 152.062222290039 154.011109619141 163.372221069336 156.131111450195 155.502221069336 139.976667175293 147.983332824707 151.507778625488 140.081113586426 130.49999786377
-9999 128.909089521928 128.45555480957 118.947778015137 112.681111450195 113.350000305176 122.484443969727 123.98666595459 123.748888244629 118.920000305176 123.915554199219 130.732220458984 137.581110534668 147.037777709961 143.474443359375 142.564445800781 145.39333190918 146.740000610352 140.628888549805 123.542221679688 104.454445343018 145.375555419922 153.962222900391 146.221110839844 145.545556030273 149.497777099609 147.014443969727 149.276666870117 151.352224121094 142.309998779297 146.346667480469 142.102221679688 139.286668701172 147.232222290039 150.632221679687 146.274444580078 152.47555847168 150.850001831055 147.081110229492 152.217778930664 155.90555480957 144.644442749023 128.741110839844 123.937778015137 121.672222595215 121.01444519043 139.637778625488 125.044444580078
117.842592875163 123.87 119.97666809082 120.078889465332 119.827777709961 119.58555480957 121.50555480957 116.425556335449 114.265555725098 122.916666870117 120.352221374512 119.594444274902 133.135555725098 133.665555725098 143.309999389648 141.723333129883 146.003332519531 149.847777099609 145.84 153.527777099609 146.813333740234 142.757778015137 143.455556640625 148.001110839844 146.339999389648 144.904444580078 143.715556030273 141.735555419922 151.344444580078 155.050000610352 150.951111450195 145.547778320313 143.462221069336 145.776665649414 149.572221069336 142.337777709961 148.48 126.149998779297 140.462222290039 143.102223510742 141.891111450195 123.575554199219 127.159998779297 131.213333435059 123.250000915527 117.631111450195 117.659999694824 126.231111755371
126.027777608236 121.36555480957 115.074444274902 135.082221984863 115.043332519531 113.677777404785 131.34888885498 134.205555114746 115.79 118.806667480469 124.245555114746 131.128889465332 133.185556640625 147.548888549805 136.971110229492 133.46 140.74222076416 157.032221679687 163.72 165.895555419922 149.938890380859 149.601111450195 148.270002441406 143.066666870117 144.773331298828 141.345556030273 143.048887939453 145.231111450195 139.612222900391 143.755556030273 148.841111450195 140.097777709961 141.474443664551 137.54 134.948888549805 122.596666870117 122.467777404785 124.39222076416 120.48666809082 128.167777404785 127.115554504395 121.111110839844 117.35 116.175555419922 115.395554504395 112.763332214355 116.713333740234 118.745555419922
120.052631980494 120.874443359375 131.688889465332 138.814445800781 128.308888549805 100.664444274902 116.439999084473 128.378890075684 127.725555419922 124.712222900391 125.985555114746 134.384443969727 133.376669311523 141.102221679688 136.992222595215 132.057777099609 139.107778320312 162.899998168945 172.188888549805 168.351110839844 158.709999389648 147.236667480469 149.777776489258 146.285556030273 142.772222290039 149.731109619141 139.154444580078 146.604443969727 141.523333129883 137.50555480957 136.664444580078 122.290000305176 110.747777709961 115.515555419922 134.167778015137 128.51333404541 123.76333404541 126.054443969727 121.898889160156 120.875555725098 117.648887939453 114.724443664551 121.048889465332 112.301110839844 112.703333740234 115.361111450195 115.213333129883 112.867777709961
123.884259541829 120.789999694824 117.685555114746 122.688888244629 124.46333404541 121.903331604004 119.964444580078 125.437777404785 140.104445800781 127.394443969727 123.663333129883 137.009999389648 139.243333129883 143.302222290039 136.765556335449 144.96666809082 148.187777709961 161.853334960938 169.155556030273 163.796666870117 158.347778320312 156.158889770508 143.184444580078 140.05 140.794443969727 132.892221374512 128.917776794434 140.196666870117 125.204445495605 121.693333129883 111.452220458984 121.94888885498 122.960000305176 134.701110534668 133.646668701172 132.611109313965 122.591111755371 114.081110839844 111.372222595215 109.574444274902 116.005556030273 113.246666564941 111.72666595459 108.871110229492 110.325555725098 113.247778015137 114.390000305176 112.748889160156
-9999 119.857488549274 133.706667785645 126.062222595215 115.523334655762 117.260000915527 117.161111450195 122.969998474121 126.966667480469 129.993330993652 128.091112060547 133.797778930664 133.619999694824 133.65 128.598888549805 135.711109313965 150.852222900391 151.665557250977 165.168887939453 162.321113891602 154.763333740234 157.091110229492 140.952221679688 134.222221679687 132.27555480957 119.743333435059 97.9655560302734 108.063333435059 103.475555114746 108.988887634277 113.402222595215 129.772222290039 126.364443359375 127.442222595215 118.044444274902 120.437778015137 107.85 106.681110839844 106.562222290039 107.173333435059 107.783332824707 110.349999389648 106.381111450195 108.953333740234 109.772222595215 112.858888549805 113.730000610352 109.124444580078
-9999 127.003267176011 133.635554504395 129.261110229492 125.051111755371 123.427777099609 133.70777557373 129.443334655762 127.16888885498 133.766667175293 129.041112060547 139.206665649414 133.885556030273 128.404444274902 130.374443969727 134.645555419922 149.280000610352 152.628889160156 153.758889160156 147.505556030273 135.053333740234 135.692222290039 124.232221069336 118.577777709961 113.58888885498 114.021112365723 115.40444519043 110.50333404541 102.095556335449 103.007778015137 111.119999694824 138.098889160156 120.497776794434 117.377778320313 122.497776794434 120.137778015137 112.994443359375 111.845556030273 108.095555725098 104.732223510742 109.814445495605 110.31 107.835555114746 108.654443969727 110.693334350586 112.988889160156 115.353333435059 109.178888549805
-9999 136.103535045277 122.622221984863 123.379998779297 119.393332824707 132.8 153.628888549805 139.921110839844 145.460001525879 126.557777709961 125.738887939453 117.043332824707 129.504444580078 118.118890686035 111.550000915527 112.779999694824 120.207778625488 126.484443664551 120.153333129883 115.17111114502 115.146666259766 113.526667480469 109.25111114502 107.805555419922 109.867777709961 111.014445800781 117.897777709961 112.941111450195 107.594444274902 106.778889160156 106.66333404541 121.128888549805 108.995556030273 110.876666870117 106.625556030273 113.55888885498 112.876665649414 117.462222595215 116.628889160156 107.92111114502 111.518889160156 112.201111755371 110.265555419922 109.186667175293 104.772222290039 110.112221374512 116.443333129883 111.452222290039
-9999 126.066666412354 126.645556030273 113.63666595459 128.698887634277 146.385556640625 175.003333740234 147.515555419922 168.238889770508 134.767778625488 120.518888549805 108.476666259766 122.706666259766 113.517778320313 109.192221679688 118.092221374512 113.062222595215 115.916666870117 113.311109924316 108.661110839844 104.800000305176 113.026665344238 119.165554504395 114.557778015137 111.555556030273 109.821112365723 119.516666564941 123.090000610352 120.441111755371 114.955556030273 105.648889160156 83.3922221374512 75.28 95.6088897705078 109.883333435059 113.776666870117 118.385555114746 111.794443969727 113.066667175293 112.343333435059 107.799999389648 109.794444580078 111.002221984863 107.184444274902 102.823333740234 104.079999084473 111.607777709961 107.46888885498
-9999 122.083332061768 120.498889770508 125.922222290039 131.545555725098 121.37666595459 136.339999694824 125.65555480957 141.387776184082 123.918889160156 119.202221984863 115.59420278798 114.062221374512 106.56 112.276666564941 124.312222900391 112.73 109.423333435059 104.785555419922 106.442222290039 108.985555419922 136.723333435059 133.972220458984 124.023333740234 127.490000305176 116.251110839844 124.24 131.105555114746 120.534443664551 124.079999694824 107.547777709961 96.463332824707 93.9844439697266 102.105555419922 94.2644442749023 120.080000610352 111.382222290039 107.074445800781 111.192222595215 111.283333435059 110.57 110.632221679688 108.091110839844 107.487778320313 107.497777099609 110.601110229492 107.910000305176 105.742222595215
-9999 115.59523664202 121.244443969727 117.793333435059 121.03666595459 113.144444274902 121.872221374512 119.569999694824 153.372221679687 144.507778320312 120.36111114502 115.007715861003 103.046666259766 100.295833969116 102.785556030273 119.381110839844 118.114443969727 132.295556945801 114.865555114746 109.528888549805 113.066666564941 126.088889160156 164.442222290039 135.70888885498 129.00888885498 124.057777709961 131.815555725098 130.730000305176 122.090000305176 120.615555725098 113.347777099609 111.20555480957 103.392222290039 108.038889160156 110.567777404785 111.268888244629 113.952222595215 113.91888885498 111.429999694824 113.042222595215 112.398889160156 108.442222290039 107.10444519043 103.873333435059 105.46888885498 109.473333129883 111.030000305176 107.253333740234
-9999 109.569444656372 125.835556640625 133.57555480957 130.337777709961 111.354444580078 111.943236641262 127.566426816194 171.758888549805 145.322222290039 103.099673327278 87.3814819335937 77.2537038167318 107.231060374867 117.726667785645 122.638889160156 120.726667175293 140.715556335449 130.773332824707 115.33333190918 111.352221374512 128.213332519531 141.275555419922 132.505553588867 135.296665649414 128.848889465332 139.283334960938 137.854444580078 128.053334350586 124.251110229492 112.723333740234 111.32666595459 105.734444274902 98.7699996948242 115.951110839844 112.669998779297 110.262221984863 112.110000915527 112.357777404785 110.843332519531 111.780000305176 109.598888549805 106.19 112.061110534668 110.655555114746 108.625555419922 101.078889160156 102.794444274902
-9999 87.8333320617676 120.273332824707 95.5634923662458 124.173612594604 115.272222900391 110.927083969116 102.833333015442 131.472222900391 141.138889019306 124.244445037842 99.1388905843099 97.5219292891653 114.007778015137 137.664443969727 137.52444519043 116.734444885254 137.34111114502 146.122222900391 150.32555480957 123.625555419922 144.078889160156 150.465555114746 146.151110534668 131.365556030273 126.197777099609 141.61111114502 162.692222900391 133.14222442627 123.798887023926 110.421111755371 122.281110534668 119.678889465332 110.59888885498 107.18111114502 107.786666259766 109.834443359375 113.69888885498 114.446667175293 115.688888244629 110.770000610352 110.096666259766 117.532222290039 120.357778930664 113.115556030273 114.312221679687 106.614444274902 102.528889160156
-9999 -9999 109.229166030884 -9999 -9999 -9999 -9999 -9999 -9999 -9999 76.0648155212402 93.8055572509766 88.0462961832682 110.832221069336 140.767777709961 128.13888885498 127.78888885498 139.505554199219 141.247778625488 149.512222900391 132.741110229492 123.744443664551 166.914444580078 158.478889770508 126.722221984863 120.326667480469 125.310000915527 122.427778625488 116.655556335449 110.776667175293 117.47888885498 114.461110839844 121.117778015137 116.339999694824 113.007777709961 111.075555114746 113.065555114746 114.885556030273 115.082221374512 114.092222595215 116.15111114502 118.421110534668 118.574444580078 113.752222595215 111.969999694824 105.953333435059 103.552221679688 101.282222290039
-9999 -9999 -9999 -9999 -9999 -9999 -9999 -9999 -9999 -9999 -9999 -9999 -9999 137.406566273082 146.085750413978 140.594443969727 131.785555725098 119.411110534668 128.656665649414 127.113333129883 116.340000305176 118.467778015137 155.322221374512 134.065557861328 123.526665649414 117.026667175293 109.754444274902 110.855555725098 109.647778320312 106.425555114746 120.641110229492 118.906666870117 112.006666870117 111.32888885498 113.316666870117 108.858889160156 106.757778320312 106.491112060547 111.166666259766 108.648889465332 121.147778015137 115.697778015137 114.224444580078 115.011110534668 110.52555480957 108.932221984863 110.545554504395 105.747778015137
-9999 -9999 -9999 -9999 -9999 -9999 -9999 -9999 -9999 -9999 -9999 -9999 -9999 -9999 -9999 138.328704833984 124.753471692403 111.688889160156 115.577778015137 117.694444885254 119.112221679688 121.426666564941 121.80888885498 102.323332519531 101.061111755371 112.288890075684 109.378889465332 107.774444580078 109.81 101.893333740234 117.287778320312 115.805555114746 117.448888549805 122.198888549805 119.331110229492 116.416667175293 106.636666259766 101.005556030273 104.046666870117 110.404444274902 114.793333435059 121.372222595215 111.707777709961 107.602222900391 120.435554199219 128.292222290039 127.596666870117 122.232221984863
-9999 -9999 -9999 -9999 -9999 -9999 -9999 -9999 -9999 -9999 -9999 -9999 -9999 -9999 -9999 -9999 114.25 120.907895138389 117.841110229492 101.997778625488 105.645556335449 124.241110229492 88.321110534668 90.5977777099609 104.751110839844 105.737777709961 111.955555725098 105.893333129883 110.292222595215 105.165556030273 115.71 113.807777709961 119.344445495605 129.993333129883 118.675555419922 106.69111114502 103.576667175293 102.495556030273 103.092222900391 107.767777099609 110.227778015137 108.314444885254 111.545556030273 111.53 131.46888885498 139.574443969727 133.971110534668 132.725556335449
-9999 -9999 -9999 -9999 -9999 -9999 -9999 -9999 -9999 -9999 -9999 -9999 -9999 -9999 -9999 -9999 -9999 -9999 129.383332824707 124.819444338481 127.652223205566 128.084444885254 91.4411111450195 88.478889465332 101.554444274902 106.10888885498 111.223333129883 109.597778015137 107.97751326788 107.130050312389 111.787777404785 112.27111114502 123.314444274902 131.024444885254 125.727779541016 110.778888244629 101.258889465332 99.1944451904297 101.954444885254 105.30888885498 104.428888549805 105.013333435059 104.90888885498 123.293332519531 142.326666259766 142.17333190918 142.506665649414 133.745555419922
