inst/external/vegetation.asc
NCOLS 124 
NROWS 71 
XLLCORNER 100975.311332809 
YLLCORNER 3988829.71757999 
CELLSIZE 4219.2230169468 
NODATA_value -9999 
[rows 0 to 21 of 71, columns 48 to 95 of 124]
-9999 137.756946563721 136.204167938232 132.584796303197 121.538888244629 127.035714285714 -9999 -9999 -9999 -9999 -9999 -9999 -9999 -9999 -9999 -9999 -9999 -9999 -9999 -9999 -9999 -9999 -9999 -9999 -9999 -9999 -9999 -9999 -9999 -9999 -9999 -9999 -9999 -9999 -9999 -9999 -9999 -9999 -9999 -9999 -9999 -9999 -9999 -9999 -9999 -9999 -9999 -9999
115.819446563721 118.285947014304 118.88888885498 125.036666564941 120.532221679687 123.698888549805 127.046296982538 129.703285564076 -9999 -9999 -9999 -9999 -9999 -9999 -9999 -9999 -9999 -9999 -9999 -9999 -9999 -9999 -9999 -9999 -9999 -9999 -9999 -9999 -9999 -9999 -9999 -9999 -9999 -9999 -9999 -9999 -9999 -9999 -9999 -9999 -9999 -9999 -9999 -9999 -9999 -9999 -9999 -9999
113.954544760964 112.29888885498 116.889999084473 110.393333435059 115.207778015137 124.312222595215 137.62333404541 134.021111450195 124.083332061768 -9999 -9999 -9999 -9999 -9999 -9999 -9999 -9999 -9999 -9999 -9999 -9999 -9999 -9999 -9999 -9999 -9999 -9999 -9999 -9999 -9999 -9999 -9999 -9999 -9999 -9999 -9999 -9999 -9999 -9999 -9999 -9999 -9999 -9999 -9999 -9999 -9999 -9999 -9999
117.401110839844 118.892223205566 116.175556335449 111.222222900391 119.271110839844 119.954444885254 124.63888885498 128.515555419922 124.318783351353 125.594444274902 130.944442749023 -9999 -9999 -9999 -9999 -9999 -9999 -9999 -9999 -9999 -9999 -9999 -9999 -9999 -9999 -9999 -9999 -9999 -9999 -9999 -9999 -9999 -9999 -9999 -9999 -9999 -9999 -9999 -9999 -9999 -9999 -9999 -9999 -9999 -9999 -9999 -9999 -9999
120.597778015137 117.845555725098 116.319999694824 116.046667175293 120.321110839844 120.458889465332 124.696666564941 121.952222595215 123.345556030273 120.995556335449 125.186667480469 131.846152085524 133.388893127441 -9999 -9999 -9999 -9999 -9999 -9999 -9999 -9999 -9999 -9999 -9999 -9999 -9999 -9999 -9999 -9999 -9999 -9999 -9999 -9999 -9999 -9999 -9999 -9999 -9999 -9999 -9999 -9999 -9999 -9999 -9999 -9999 -9999 -9999 -9999
114.570000305176 112.137777709961 111.408889160156 113.622221984863 117.237778320313 122.98888885498 118.045556030273 124.335556030273 125.517778625488 127.752223510742 128.125556030273 130.011109619141 133.622473976829 -9999 -9999 -9999 -9999 -9999 -9999 -9999 -9999 -9999 -9999 -9999 -9999 -9999 -9999 -9999 -9999 -9999 -9999 -9999 -9999 -9999 -9999 -9999 -9999 -9999 -9999 -9999 -9999 -9999 -9999 -9999 -9999 -9999 -9999 -9999
105.029999389648 103.755556335449 108.926666259766 113.019999084473 121.324444580078 123.393332824707 121.262221679687 129.559999694824 130.573333435059 131.615556945801 133.623333740234 130.549999389648 132.221111755371 135.058333587646 136.039351781209 -9999 -9999 -9999 -9999 -9999 -9999 -9999 -9999 -9999 -9999 -9999 -9999 -9999 -9999 -9999 -9999 -9999 -9999 -9999 -9999 -9999 -9999 -9999 110.444442749023 124.3 125.194442749023 -9999 -9999 -9999 -9999 134.888885498047 -9999 -9999
107.231111755371 101.064444885254 99.7988879394531 112.602221374512 122.122223510742 122.702223510742 127.271109924316 128.472222595215 130.314443969727 133.441110229492 129.868889160156 130.235556335449 134.650000610352 135.627779541016 136.228889160156 135.087301526751 119.333335876465 -9999 -9999 -9999 -9999 -9999 -9999 -9999 -9999 -9999 -9999 -9999 -9999 -9999 -9999 -9999 -9999 -9999 161.972221374512 153.083333333333 -9999 -9999 121.680558204651 129.44 144.733335876465 157.047979181463 158.488888549805 158.838891601562 151.166668231671 142.540849573472 145.4375 151.800922817654
111.381111755371 103.92 106.366666564941 113.937777404785 118.302222290039 125.16444519043 127.704443969727 130.412221679687 132.596665649414 135.777780151367 132.778889160156 134.280000610352 134.865556030273 138.506666870117 138.883333129883 139.666666259766 139.684525626046 144.013893127441 -9999 -9999 163.166666666667 161.055557250977 -9999 -9999 -9999 -9999 -9999 -9999 -9999 156.232639312744 157.309256998698 158.737375432795 160.912035624186 163.638885498047 164.559829711914 161.880717558019 153.236106872559 165.407404581706 136.743387494768 130.418890686035 139.393333740234 144.286665039063 143.354445495605 150.29444152832 148.748889770508 147.590000305176 136.373610305786 145.297777099609
121.935555114746 117.888888244629 115.842221374512 118.275555725098 115.22888885498 115.357777709961 118.821110839844 130.893332214355 126.850000610352 143.598888549805 145.903334350586 145.628889770508 143.746665649414 144.997777099609 145.74555480957 148.582222900391 150.618889770508 148.09848577326 149.12121443315 148.75 151.480994776676 155.19 169.379167175293 160.524692959256 157.858332824707 167.298612594604 166.822219848633 161.95 164.05555507115 159.161375499907 156.233334960937 163.59333190918 165.452222900391 152.69 161.872223510742 164.704443969727 151.528887329102 163.816667480469 162.212222290039 146.618889770508 150.372222900391 148.142222290039 137.140001220703 141.324444274902 126.701109924316 118.469999389648 124.60111114502 145.394444580078
118.532222290039 121.404444274902 145.362222290039 132.275555725098 121.463333129883 120.203333435059 121.536666870117 133.229999694824 142.508888549805 151.332222290039 150.662222290039 152.501111450195 142.487776794434 149.280001525879 152.011112060547 152.79778137207 150.655556030273 146.043333740234 149.371110839844 150.885265184485 147.972221706225 151.249999389648 149.296667480469 143.640001220703 140.990000610352 143.648889160156 163.334444580078 156.125556030273 160.228887329102 156.768889770508 145.886667480469 155.260001220703 158.691111450195 160.996666259766 161.98444519043 147.704441833496 155.876666259766 161.707777709961 163.580000610352 163.051111450195 160.482221679688 155.322221679688 161.345554199219 124.121112365723 113.667778320313 112.557778015137 130.942221679687 146.274444580078
111.585555419922 117.536666564941 146.475555419922 154.198887329102 153.395555725098 131.144443054199 129.112222900391 132.660000915527 137.884443359375 153.810000610352 153.895554199219 156.447778930664 155.134443969727 151.295556030273 156.683334350586 157.808889770508 154.487777709961 149.72333190918 146.488887329102 150.214445800781 155.226666870117 153.529998779297 145.20555480957 139.993331298828 142.695554199219 151.310001831055 160.448889160156 150.364444580078 151.356666259766 148.684445800781 146.334445800781 148.082221679688 143.438887939453 136.514443054199 137.535556640625 147.283333740234 147.621112060547 146.795556030273 142.867779541016 138.469998474121 148.089998168945 139.870000610352 143.831109619141 113.690000305176 122.282221679687 117.587778015137 119.372221984863 126.070000915527
121.117778320312 117.442222595215 120.038888244629 144.872221984863 149.848888549805 139.772221069336 131.766666564941 138.612221679688 137.834444580078 147.339998168945 154.837776489258 157.372221679687 161.816666870117 158.372223510742 157.728889160156 159.765555419922 160.017777099609 158.054443969727 155.051110839844 152.138888549805 151.683333740234 142.093334960938 141.526666259766 141.746666870117 146.482221679688 147.339998779297 156.252221679687 147.696666259766 146.357778320312 144.469999389648 144.004445800781 146.403333740234 140.798887939453 118.829999389648 124.21888885498 133.336666564941 142.214443969727 142.494443359375 143.617778320313 143.191110839844 145.52444519043 134.855556640625 117.871110534668 111.27888885498 117.474443664551 114.085556335449 126.026666259766 124.89777923584
141.760001220703 142.231109619141 132.782221679687 135.352221984863 134.415554504395 136.678889160156 143.85555480957 138.996664428711 142.749998779297 143.024443359375 146.152220458984 142.522221069336 153.156666870117 160.534442749023 155.638888549805 153.773334960937 158.076666870117 162.168889160156 157.212222900391 154.164445800781 156.105555419922 155.296666870117 149.653333740234 148.245555419922 141.328889770508 152.493333740234 152.256665649414 160.215557250977 149.006666259766 148.217777099609 147.511110229492 144.711112670898 130.678889465332 112.038889465332 131.064444885254 126.191109619141 122.718889770508 122.228888549805 130.406665649414 140.999999084473 139.537777404785 124.158889160156 125.695555725098 126.126667175293 125.871110839844 122.258889465332 129.398887939453 129.302222595215
149.15444519043 149.344443969727 150.101111450195 143.985557250977 133.817777099609 137.385555114746 146.648888549805 142.838888549805 146.038889160156 146.4 142.285557250977 144.353334350586 147.286666259766 152.643334350586 160.768889160156 163.13555480957 167.601110839844 167.723334960938 156.694443969727 154.15555480957 156.282222900391 158.945556640625 152.834444580078 147.877776489258 148.042222290039 147.665556030273 142.105556030273 150.797778930664 147.006667480469 133.577778320312 128.113332519531 121.617777099609 113.767777099609 126.613333435059 131.736665649414 119.708889465332 98.3477777099609 110.023332824707 117.612221679688 123.040000305176 122.683333740234 127.734443664551 126.057778015137 122.483333435059 129.448888244629 131.762223205566 125.014443969727 133.104443359375
159.313334350586 152.236666870117 151.315555419922 150.827777099609 151.772222290039 135.165556945801 144.609999389648 146.094443359375 148.568891601563 148.815556640625 145.61 144.20666809082 149.479999389648 155.671111450195 150.847778320312 162.23666809082 166.693333129883 164.59444519043 157.606666259766 165.230001831055 165.691109619141 158.955554199219 162.256666870117 162.733334350586 154.817777709961 154.362221069336 148.119998779297 149.341112060547 149.704443969727 140.187778015137 117.894443969727 117.242222290039 126.692223205566 121.831111755371 133.682221679688 116.143332824707 116.99 115.798889770508 122.925555114746 121.003333740234 114.441110534668 125.46111114502 127.57333404541 118.214444580078 118.575556640625 121.576667175293 118.191111450195 138.839999694824
161.245556030273 149.276667480469 150.360001220703 148.045555419922 149.811112670898 147.530000915527 135.843333129883 151.748889160156 153.206665649414 147.61555480957 149.887778320312 150.520001220703 150.571109008789 152.322224121094 146.372221679687 147.152221069336 150.463335571289 143.846666870117 141.609999389648 154.298889770508 148.682221069336 149.444444580078 162.079998779297 162.574443969727 162.92 153.696666870117 148.632221374512 128.138890075684 141.407777709961 122.21444519043 97.8600006103516 115.783333740234 115.147778320312 107.00555480957 113.047777709961 111.84888885498 108.011110839844 106.964444580078 113.272222290039 119.454443969727 113.20888885498 105.823333435059 108.271111450195 108.692222595215 113.244444885254 116.53 128.178889465332 137.383333129883
155.262222290039 156.533334960938 158.432220458984 152.212223510742 147.288887939453 154.523333129883 153.753333129883 152.943333129883 147.328888549805 144.677777709961 157.214444580078 139.431111450195 138.387778320312 132.652223510742 135.172221679688 128.903332214355 125.338889160156 121.547777709961 119.087777709961 118.195555419922 114.234444885254 120.297777709961 131.634443359375 134.568888549805 133.109999389648 131.752223205566 127.362223205566 111.10333404541 111.678887939453 109.901110229492 96.8666662597656 106.285555419922 105.177778930664 100.422222900391 112.273333740234 120.364443969727 110.251111450195 118.647778015137 109.732221679687 111.327777099609 109.793333740234 100.614444274902 114.36111114502 114.965555419922 108.705555419922 115.87888885498 123.15111114502 139.591109619141
169.232220458984 175.088887939453 171.264445800781 160.635556640625 150.331109619141 150.446667480469 154.497778320313 159.258888549805 154.06555480957 141.431110839844 148.942222290039 155.14666809082 153.58555480957 139.840000915527 123.01111114502 115.551111755371 112.708889160156 112.482221679687 112.383332824707 111.11888885498 113.808889160156 118.146667175293 115.665555114746 123.03111114502 111.932222595215 116.334443969727 117.805555725098 118.544444885254 114.496666564941 109.076666259766 111.012221679687 113.075555114746 102.697777709961 105.923332824707 108.118888549805 111.993332824707 112.745555114746 113.808888549805 116.802222290039 116.653333129883 104.542221374512 106.732221679687 105.111111450195 104.034443969727 107.264444274902 113.344444580078 133.533333740234 146.885555419922
164.636665649414 167.532221679687 166.461110229492 172.876665649414 169.457775878906 160.375554199219 164.328890380859 165.816667480469 157.497777709961 154.135556640625 155.842222900391 153.937779541016 138.517777099609 139.630000610352 142.157778930664 123.425556030273 115.071110839844 111.283333435059 114.881112976074 110.026666259766 111.019999084473 110.903333129883 115.958888244629 115.156666564941 119.525555419922 108.65666595459 108.872222900391 106.555555419922 105.903333435059 110.324443664551 103.423333435059 107.051111450195 107.796666259766 106.865556030273 105.032222595215 103.066666564941 106.951110839844 109.701110839844 110.687777709961 115.26444519043 110.037777099609 109.242222595215 104.37 104.684444274902 106.156667785645 111.934444274902 134.958889770508 144.972221679687
161.166666870117 156.641111450195 159.642221069336 174.172222900391 172.540000610352 173.237777709961 174.557777099609 171.465555419922 169.392223510742 153.115555419922 160.962222290039 150.132221679687 141.80111114502 122.467777709961 115.860000305176 116.402221984863 111.563333129883 108.373333129883 107.372221984863 114.305554504395 110.633333435059 100.148888244629 105.495556030273 104.40555480957 114.126666870117 104.33111114502 99.5211117553711 100.017778320313 103.933333740234 100.532221984863 104.533333740234 106.437778015137 104.554444274902 104.370000610352 106.963333129883 104.312221679687 104.002222900391 102.557776794434 106.584444885254 104.067776794434 103.24111114502 102.556666259766 104.541111450195 102.222222900391 100.714444580078 112.607778320313 119.95 133.912224121094
162.33 155.664444580078 159.403334350586 167.735557861328 171.808889770508 165.710001220703 172.363332519531 172.771110839844 149.714443054199 118.924443359375 113.373333435059 111.526667175293 114.813333740234 115.802222290039 109.105556335449 107.912221984863 107.247778015137 106.105555419922 103.96 105.842221679687 105.28333404541 100.711111450195 107.731111450195 106.530000610352 106.796666870117 104.136666564941 103.474444580078 92.0222213745117 96.691110534668 99.038889465332 100.543332824707 95.9766662597656 94.4077783203125 102.25666595459 109.316666564941 107.122222900391 106.206667175293 103.841111450195 109.972222290039 106.395555419922 111.225556640625 107.48888885498 93.7677767944336 94.2366665649414 102.786666259766 111.752222290039 121.465556030273 146.218888549805
